476	226100
-23.7692218	-46.6986378
-23.4613107	-46.7050152
-23.562638600000003	-46.4924293
-23.475279699999998	-46.64171839999999
-23.553746899999997	-46.5799659
-23.7148062	-46.687261
-23.7439673	-46.7035484
-23.642293399999996	-46.7808237
-23.505215300000003	-46.670571200000005
-23.596661899999997	-46.592506
-23.461758	-46.67329669999999
-23.59926	-46.48333220000001
-23.508047	-46.463784999999994
-23.6173747	-46.5075657
-23.633556600000002	-46.6125815
-23.6524292	-46.6379878
-23.4316755	-46.781722200000004
-23.5980545	-46.734665500000006
-23.5022036	-46.493882799999994
-23.4623178	-46.6296539
-23.588589199999998	-46.5602034
-23.5001716	-46.51682659999999
-23.545006	-46.486847
-23.605091100000003	-46.555048600000006
-23.584770000000002	-46.7909549
-23.476943600000002	-46.659091100000005
-23.5733437	-46.51583970000001
-23.514091	-46.746573600000005
-23.5926537	-46.78364029999999
-23.675942300000003	-46.792129700000004
-23.600726	-46.795369
-23.537767600000002	-46.4918694
-23.4649947	-46.6048435
-23.5700464	-46.5346103
-23.742701899999997	-46.686249100000005
-23.4312857	-46.787648100000006
-23.575964000000003	-46.7752597
-23.538498800000003	-46.689203899999995
-23.673062100000003	-46.649359600000004
-23.664036	-46.64544249999999
-23.6010052	-46.508021
-23.5920172	-46.5163348
-23.534011	-46.442704
-23.6038842	-46.532566100000004
-23.6483225	-46.66217169999999
-23.4849662	-46.34947329999999
-23.5896451	-46.5348143
-23.6611996	-46.786255100000005
-23.5406005	-46.4393013
-23.6573493	-46.6142714
-23.6492784	-46.610417
-23.543776	-46.744808899999995
-23.6265135	-46.463716399999996
-23.5273652	-46.4356029
-23.486717199999998	-46.6553196
-23.5234676	-46.5263225
-23.59393	-46.511768100000005
-23.665628100000003	-46.7629059
-23.552438100000003	-46.4875654
-23.6192424	-46.586948
-23.497513199999997	-46.530339
-23.5254174	-46.651586200000004
-23.526245	-46.64185699999999
-23.5696198	-46.6235888
-23.3999249	-46.7510521
-23.4777755	-46.5879396
-23.623600500000002	-46.4931968
-23.5569779	-46.6419089
-23.634695100000002	-46.7557907
-23.553051	-46.524581
-23.525999399999996	-46.62105469999999
-23.7696124	-46.6846632
-23.596712300000004	-46.4400751
-23.8294076	-46.7271197
-23.497700899999998	-46.6549657
-23.5900703	-46.4999829
-23.5964669	-46.5675552
-23.611491100000002	-46.49400929999999
-23.5025625	-46.4500403
-23.584112	-46.516525200000004
-23.5301733	-46.479950099999996
-23.6212232	-46.509203899999996
-23.6620771	-46.6696664
-23.730154000000002	-46.788790000000006
-23.594972199999997	-46.448771
-23.4095797	-46.7572385
-23.4933297	-46.7009633
-23.5770512	-46.7344906
-23.7146759	-46.7776059
-23.5036628	-46.6314982
-23.4949963	-46.38007229999999
-23.5795832	-46.528333399999994
-23.5304125	-46.42163239999999
-23.549223899999998	-46.56103220000001
-23.598771300000003	-46.495013
-23.5627032	-46.6492443
-23.6324091	-46.442922100000004
-23.4620523	-46.6510067
-23.6791553	-46.779512100000005
-23.603734399999997	-46.429937
-23.489500699999997	-46.66453320000001
-23.4818082	-46.667012899999996
-23.465073800000003	-46.661776
-23.5119775	-46.565870600000004
-23.677735100000003	-46.652069700000006
-23.6744815	-46.6659658
-23.6058427	-46.5033451
-23.6856033	-46.6614845
-23.744987100000003	-46.6688972
-23.5822951	-46.582716
-23.696527399999997	-46.6629361
-23.6875817	-46.656961200000005
-23.449079100000002	-46.59643699999999
-23.5009685	-46.462325899999996
-23.504260100000003	-46.3854192
-23.616484399999997	-46.4958125
-23.5115075	-46.3844534
-23.6192504	-46.6870232
-23.542674899999998	-46.43108050000001
-23.5317711	-46.720518799999994
-23.449117899999997	-46.6101824
-23.7923543	-46.7386132
-23.6127322	-46.6162809
-23.595907699999998	-46.5002225
-23.5510579	-46.5982348
-23.6032036	-46.40354689999999
-23.4606901	-46.6227544
-23.494482	-46.4005343
-23.6479362	-46.63833349999999
-23.6536227	-46.652257899999995
-23.4820294	-46.6786015
-23.638505	-46.6060326
-23.4943794	-46.637310299999996
34.4208305	-119.69819009999999
-23.616898199999998	-46.456936999999996
-23.499852399999998	-46.5904286
-23.486158800000002	-46.459833200000006
-23.461010199999997	-46.583310600000004
-23.5962688	-46.5462835
-23.504897500000002	-46.6594021
-23.505569899999998	-46.3666304
-23.7332873	-46.7834367
-23.513748	-46.4829339
-23.4467938	-46.753799
-23.5151358	-46.43300670000001
-23.498638699999997	-46.59683820000001
-23.5103129	-46.4464014
-23.4897451	-46.4915098
-23.435900600000004	-46.5807948
-23.4925308	-46.573097499999996
-23.551083300000002	-46.505941
-23.488993	-46.476532
-23.4862826	-46.5768925
-23.5093563	-46.6641566
-23.6835438	-46.775461299999996
-23.492223199999998	-46.4159711
-23.6307902	-46.62566899999999
-23.532037600000002	-46.6523697
-23.560184500000002	-46.5101297
-23.475870899999997	-46.6304113
-23.5381787	-46.612041999999995
-23.573782	-46.5593139
-23.6741311	-46.65957230000001
-23.5394751	-46.455195
-23.587430800000003	-46.6852683
-23.5231609	-46.4904707
-23.5374907	-46.595440999999994
-23.5998592	-46.5399968
-23.546588	-46.5319789
-23.5053517	-46.5209756
-23.482301500000002	-46.7470085
-23.5537496	-46.6910563
-23.5872032	-46.770333
-23.654064	-46.757468700000004
-23.4708759	-46.69199940000001
-23.6980537	-46.760393799999996
-23.6136235	-46.5937525
-23.6830009	-46.7115453
-23.512776000000002	-46.5138867
-23.543558100000002	-46.4094614
-23.629596499999998	-46.6049193
-23.5024688	-46.7611498
-23.4356435	-46.7180836
-23.455533	-46.71653509999999
-23.5605659	-46.423367799999994
-23.536713600000002	-46.527623999999996
-23.546647	-46.5003237
-23.452660100000003	-46.7309598
-23.5767171	-46.411556299999994
-23.5295429	-46.476192700000006
-23.5095558	-46.4970669
-23.7029949	-46.6358951
-23.633648	-46.589042
-23.5023707	-46.42256649999999
-23.493586899999997	-46.600653799999996
-23.692373899999996	-46.7574551
-23.4906455	-46.591483700000005
-23.532007800000002	-46.70109799999999
-23.610337899999998	-46.5094928
-23.6353546	-46.6991085
-23.647620899999996	-46.7017643
-23.5377509	-46.514444700000006
-23.529626	-46.67770360000001
-23.5498029	-46.448725399999994
-23.6824443	-46.6680309
-23.8540253	-46.7082778
-23.7323046	-46.660217200000005
-23.494543300000004	-46.6852655
-23.5915065	-46.4859133
-23.4890102	-46.7593497
-23.5977406	-46.3915711
-23.6462668	-46.7725291
-23.743203899999997	-46.711250899999996
-23.5372741	-46.40504979999999
-23.6448973	-46.59318349999999
-23.7106496	-46.65329209999999
-23.5140031	-46.719954200000004
-23.6909981	-46.6701895
-23.517538100000003	-46.5766328
-23.452653100000003	-46.585728
-23.615462899999997	-46.510587799999996
-23.4703738	-46.6739437
-23.6654027	-46.7357567
-23.678639399999998	-46.762637700000006
-23.6174452	-46.7457553
-23.572374	-46.503646200000006
-23.4767758	-46.703439
-23.5840956	-46.448913899999994
-23.5675456	-46.547269899999996
-23.5109607	-46.550818400000004
-23.6154435	-46.4880035
-23.61324	-46.4527789
-23.6557057	-46.771094700000006
-23.5622116	-46.7645351
-23.631319199999997	-46.458017600000005
-23.50466	-46.4101961
-23.4857544	-46.39402329999999
-23.5869799	-46.406795200000005
-23.5211862	-46.3887831
-23.6123592	-46.60379959999999
-23.6714841	-46.7795974
-23.5623918	-46.4573151
-23.572761399999997	-46.76103079999999
-23.6971785	-46.648838700000006
-23.615111199999998	-46.4178334
-23.6890099	-46.64962020000001
-23.6262088	-46.6667053
-23.7537347	-46.6708924
-23.5118689	-46.4156098
-23.528147	-46.69552879999999
-23.637915600000003	-46.749792
-23.604915899999998	-46.520962899999994
-23.636651899999997	-46.76394819999999
-23.4586975	-46.6965882
-23.520565899999998	-46.3998567
-24.526933399999997	-48.1082112
-23.7034891	-46.6279564
-23.4501861	-46.6848185
-23.4822423	-46.493317299999994
-23.500175199999997	-46.40876979999999
-23.6099845	-46.7055629
-23.497587799999998	-46.6774355
-23.521189	-46.4123914
-23.755372	-46.6592343
-23.4464702	-46.749049600000006
-23.477548000000002	-46.5684592
-23.616901199999997	-46.7231432
-23.6288207	-46.6463032
-23.5364862	-46.4173433
-23.5351193	-46.536968200000004
-23.4620757	-46.6907021
-23.6129326	-46.5228434
-23.5883176	-46.386665
-23.5040965	-46.47065629999999
-23.6910389	-46.640497700000004
-23.504887300000004	-46.4335375
-23.5926128	-46.6713283
-23.465853600000003	-46.6964265
-23.8176066	-46.705345
-23.7469313	-46.7778285
-23.5058803	-46.587990399999995
-23.451435600000003	-46.5725945
-23.4958492	-46.7452875
-23.494106100000003	-46.436422
-23.7189499	-46.7700864
-23.4934962	-46.725177
-23.6986258	-46.7715865
-23.5362328	-46.50338319999999
-23.562712899999998	-46.7516434
-23.5470987	-46.39595739999999
-23.6288207	-46.6463032
-23.5185943	-46.4922721
-23.5540726	-46.46503
-23.4923905	-46.5851658
-23.689124800000002	-46.766121999999996
-23.4546049	-46.6995339
-23.6344474	-46.7770278
-23.4747105	-46.5804149
-23.512391	-46.4091294
-23.5262326	-46.418097100000004
-23.6805646	-46.686512
-23.4703121	-46.7216601
-23.6019748	-46.472024499999996
-23.4925095	-46.4594682
-23.5157185	-46.3977973
-23.530155999999998	-46.3977869
-23.688607	-46.759491
-23.4952933	-46.71256760000001
-23.477222	-46.7112527
-23.7851135	-46.68367429999999
-23.4668961	-46.6807204
-23.523591800000002	-46.508683500000004
-23.657908399999997	-46.756290299999996
-23.487625	-46.71320739999999
-23.6924143	-46.787872899999996
-23.4776598	-46.720994399999995
-23.648489899999998	-46.7539377
-23.773180399999998	-46.7133929
-23.4465182	-46.714503
-23.6990141	-46.780815800000006
-23.5393133	-46.476159
-23.5769067	-46.456292600000005
-23.5946711	-46.7516391
-23.5837914	-46.3930809
-23.604434899999998	-46.65442909999999
-23.731625899999997	-46.7029229
-23.5790988	-46.714953
-23.5271431	-46.527922600000004
-23.5787961	-46.509925
-23.5434289	-46.392388200000006
-23.5594368	-46.460248
-23.682487	-46.657959399999996
-23.486158800000002	-46.459833200000006
-23.6786207	-46.7555327
-23.679552899999997	-46.748988700000005
-23.700374399999998	-46.7907109
-23.6933817	-46.7807543
-23.5634542	-46.396726799999996
-23.4149775	-46.7513499
-23.6087599	-46.39897
-23.671987100000003	-46.7459635
-23.6929205	-46.794497
-23.537253200000002	-46.7224954
-23.4192573	-46.5903814
-23.603779199999998	-46.5960692
-23.5950837	-46.42062070000001
-23.4959822	-46.7501471
-23.673602499999998	-46.6854196
-23.6070013	-46.44460549999999
-23.6165853	-46.7263429
-23.5494203	-46.432926
-23.672239899999997	-46.637519
-23.4790803	-46.4195595
-23.4898583	-46.73835769999999
-23.629338	-46.7547266
-23.7354565	-46.78872459999999
-23.625132	-46.4692235
-23.64286	-46.741453
-23.4393856	-46.7941145
-23.4374352	-46.77878079999999
-23.5723853	-46.3945758
-23.4417309	-46.734212299999996
-23.688231299999998	-46.74808489999999
-23.656157	-46.735580999999996
-23.783437600000003	-46.712428300000006
-23.770876	-46.705722200000004
-23.5537467	-46.444689200000006
-23.5641908	-46.4181196
-23.608209600000002	-46.4501764
-23.6812763	-46.7383655
-23.5178091	-46.5062691
-23.6215369	-46.4573672
-23.5777793	-46.4812593
-23.523816	-46.4473999
-23.5303521	-46.45903320000001
-23.5208112	-46.4640666
-23.6715991	-46.74705529999999
-23.5455579	-46.4155018
-23.5537329	-46.3985834
-23.660130600000002	-46.63701
-23.4686977	-46.6033936
-23.5030847	-46.484074299999996
-23.673816199999997	-46.7561227
-23.5161128	-46.4266133
-23.483822600000003	-46.7031959
-23.5885605	-46.3964948
-23.616267899999997	-46.516682700000004
-23.5804337	-46.40438049999999
-23.555004800000003	-46.4919843
-23.5661598	-46.4087665
-23.656671499999998	-46.741468700000006
-23.671643300000003	-46.772749600000004
-23.4312857	-46.575058500000004
-23.666874	-46.7924898
-23.7171646	-46.765463200000006
-23.5967402	-46.5949857
-23.5088352	-46.3980422
-23.8483668	-46.6970564
-23.5509786	-46.628255100000004
-23.5471595	-46.6365732
-23.7798487	-46.674057899999994
-23.8743323	-46.6489361
-23.6414076	-46.77156179999999
-23.8319419	-46.71193040000001
-23.513849	-46.531837700000004
-23.7880492	-46.7222204
-23.6602133	-46.650443
-23.6547107	-46.78454060000001
-23.4871521	-46.43217749999999
-23.821353	-46.673458000000004
-23.906664399999997	-46.7079458
-23.6221715	-46.745841600000006
-23.840803899999997	-46.734928000000004
-23.663079500000002	-46.762355
-23.6532552	-46.78993320000001
-23.8687296	-46.753003
-23.6579467	-46.7753963
-23.850478600000002	-46.713282899999996
-23.8805586	-46.741558500000004
-23.868738399999998	-46.6782227
-23.491647699999998	-46.504590500000006
-23.5221372	-46.4692967
-23.617095199999998	-46.7181842
-23.774841100000003	-46.7010695
-23.4876566	-46.44915719999999
-23.7639671	-46.707412899999994
-23.455007199999997	-46.7105555
-23.570538	-46.6115553
-23.7099032	-46.71185209999999
-23.5532005	-46.67344629999999
-23.4734032	-46.6840088
-23.5877109	-46.4920295
-23.5709198	-46.5755075
-23.603850199999997	-46.62348799999999
-23.5614377	-46.55281129999999
-23.516268300000004	-46.60536810000001
-23.6785496	-46.644627
-23.5909888	-46.6090233
-23.611491100000002	-46.49400929999999
-23.497078100000003	-46.4402295
-23.453937300000003	-46.682840399999996
-23.4642145	-46.6546145
-23.4312857	-46.787648100000006
-23.5001716	-46.51682659999999
-23.5792987	-46.6748141
-23.7114735	-46.70031780000001
-23.598795000000003	-46.6397055
-23.4489663	-46.5961289
-23.5855969	-46.7323157
-23.6136235	-46.5937525
-23.636989	-46.7795195
-23.683928	-46.759170700000006
-23.6606813	-46.7437523
-23.6695044	-46.7562815
-23.694969699999998	-46.676822200000004
-23.6472033	-46.7568419
-23.526531600000002	-46.5507584
-23.6287645	-46.70774890000001
-23.475279699999998	-46.64171839999999
-23.4686977	-46.6033936
-23.5248373	-46.6517329
-23.566501300000002	-46.3926396
-23.677735100000003	-46.652069700000006
-23.556825699999997	-46.460423999999996
-23.467731399999998	-46.658824200000005
-23.6544837	-46.664039700000004
-23.4351529	-46.72783889999999
-23.678995	-46.6400376
-23.4963539	-46.5683404
-23.6994133	-46.6401396
-23.5532051	-46.51506380000001
-23.613295899999997	-46.6945165
-23.5907988	-46.489472
-23.557891199999997	-46.412954299999996
-23.563712	-46.7438228
-23.492989399999995	-46.6715275
43069	3469	61.579
43069	3889	27.338
43069	3865	18.037
43069	3891	9.17
43069	3866	12.835
43069	3961	54.54
43069	3890	58.85
43069	3887	58.02
43069	3868	19.615
43069	3999	20.516
43069	4709	12.582
43069	5309	20.263
43069	6971	23.683
43069	7015	25.306
43069	6948	24.514
43069	8694	29.481
43069	9368	38.893
43069	9274	40.253
43069	9876	15.654
43069	11000	6.535
43069	11619	17.666
43069	12229	12.853
43069	12730	18.541
43069	13179	20.355
43069	13113	43.339
43069	13252	11.042
43069	13344	16.545
43069	13260	27.027
43069	13862	46.874
43069	15149	53.112
43069	15095	45.873
43069	15597	17.077
43069	16159	3.429
43069	16742	18.041
43069	16741	58.661
43069	17805	41.314
43069	18346	36.122
43069	18562	22.434
43069	28042	49.472
43069	28123	30.45
43069	28085	19.615
43069	28130	22.926
43069	28067	28.218
43069	28110	21.387
43069	28131	30.739
43069	28088	36.026
43069	28060	20.802
43069	28109	51.462
43069	28070	28.51
43069	28132	27.57
43069	28082	26.848
43069	28089	30.208
43069	28050	24.309
43069	28071	28.17
43069	28064	10.08
43069	28101	12.729
43069	28127	19.056
43069	28102	50.099
43069	28073	17.198
43069	28129	23.517
43069	28046	11.619
43069	28066	18.245
43069	28112	19.252
43069	28069	18.597
43069	28116	40.311
43069	28049	1.48
43069	28041	26.56
43069	28094	18.621
43069	28099	47.671
43069	28048	13.14
43069	28117	14.897
43069	28103	62.31
43069	28058	26.049
43069	28061	69.536
43069	28072	18.688
43069	28111	18.644
43069	28142	18.29
43069	28107	25.734
43069	28044	23.891
43069	28124	18.1
43069	28047	17.596
43069	28143	25.763
43069	28043	47.342
43069	28051	58.173
43069	28040	24.92
43069	28086	37.951
43069	28065	23.455
43069	28566	37.388
43069	28571	56.513
43069	28477	8.501
43069	28476	30.602
43069	28579	18.776
43069	29702	29.233
43069	29777	14.071
43069	32097	20.088
43069	32093	15.791
43069	32096	30.976
43069	32094	9.432
43069	32095	52.261
43069	32091	27.263
43069	32090	20.089
43069	32098	21.175
43069	32498	11.322
43069	32494	8.13
43069	32873	49.905
43069	32872	49.027
43069	32818	20.551
43069	35788	50.582
43069	35729	63.027
43069	35754	16.756
43069	35722	54.206
43069	35870	40.494
43069	36143	4.627
43069	38295	21.697
43069	38389	30.067
43069	38252	25.597
43069	38064	30.345
43069	38062	41.395
43069	38049	29.646
43069	38063	27.326
43069	38058	5.927
43069	38061	65.663
43069	38249	23.501
43069	38052	19.404
43069	38236	14.298
43069	38060	38.677
43069	38067	5.722
43069	38287	28.403
43069	38111	28.31
43069	38297	30.684
43069	38053	23.563
43069	38250	25.638
43069	38065	9.264
43069	38051	-1
43069	38050	26.262
43069	38069	3.766
43069	38059	21.187
43069	38245	2.317
43069	38395	20.091
43069	38066	18.71
43069	38386	39.89
43069	38604	58.457
43069	38483	16.706
43069	38642	34.568
43069	38552	25.718
43069	38513	3.574
43069	38643	24.615
43069	38573	21.848
43069	38646	6.51
43069	38459	2.586
43069	38603	15.278
43069	38486	20.483
43069	38554	1.594
43069	38644	18.318
43069	38602	53.46
43069	38453	25.94
43069	38484	25.844
43069	42788	18.978
43069	42786	14.748
43069	42783	7.248
43069	42780	13.308
43069	42790	16.037
43069	42778	49.204
43069	42784	26.822
43069	42787	37.994
43069	42781	15.901
43069	42779	12.338
43069	42785	20.861
43069	42789	12.168
43069	42782	12.253
43069	43146	29.483
43069	43087	23.733
43069	43120	42.408
43069	43046	49.039
43069	43011	25.488
43069	43007	53.505
43069	43102	22.502
43069	43153	50.654
43069	43021	13.112
43069	43031	30.745
43069	43125	24.5
43069	43145	29.04
43069	43113	39.182
43069	43135	29.304
43069	43154	32.512
43069	43137	13.027
43069	43008	16.024
43069	43059	35.844
43069	43022	34.797
43069	43064	17.961
43069	43060	15.143
43069	43126	37.63
43069	43117	24.934
43069	43123	25.782
43069	43134	3.45
43069	43050	53.034
43069	43127	2.55
43069	43133	25.676
43069	43094	23.993
43069	42853	43.128
43069	43111	47.608
43069	43131	14.744
43069	43115	20.777
43069	43121	28.151
43069	43068	35.268
43069	43152	73.651
43069	43029	64.879
43069	43142	21.95
43069	43083	19.634
43069	43088	29.428
43069	43028	38.996
43069	43020	50.187
43069	43104	58.519
43069	43122	30.876
43069	43078	26.126
43069	43036	40.49
43069	43114	26.274
43069	43116	53.867
43069	43092	8.052
43069	43034	3.311
43069	43095	24.801
43069	43009	12.454
43069	43084	48.161
43069	43042	51.076
43069	43147	47.009
43069	43067	17.245
43069	43148	25.544
43069	43030	32.071
43069	43129	16.663
43069	43027	8.904
43069	43076	26.611
43069	43019	26.344
43069	43057	49.939
43069	43124	33.831
43069	43110	25.054
43069	43072	28.023
43069	43063	29.174
43069	42924	36.411
43069	43109	31.235
43069	43081	21.816
43069	43054	51.487
43069	42925	30.169
43069	43075	34.229
43069	43090	38.475
43069	43099	29.247
43069	43139	38.031
43069	43035	27.612
43069	43044	61.872
43069	43096	29.133
43069	43149	23.591
43069	43089	46.972
43069	43100	22.329
43069	43012	50.025
43069	43150	27.262
43069	43023	30.316
43069	43079	264.456
43069	43077	36.957
43069	43070	15.144
43069	43056	16.704
43069	43066	27.506
43069	43098	40.317
43069	43005	21.241
43069	43062	28.799
43069	43024	62.972
43069	42926	35.728
43069	43103	2.096
43069	43085	43.896
43069	43091	26.84
43069	43038	29.473
43069	43118	11.762
43069	43047	14.768
43069	43033	23.212
43069	43071	37.788
43069	43112	22.51
43069	43013	36.92
43069	43017	25.19
43069	43141	41.574
43069	43051	26.276
43069	43065	68.375
43069	43032	60.405
43069	43052	4.687
43069	43132	5.091
43069	43136	27.524
43069	43086	23.959
43069	43037	57.416
43069	43015	25.148
43069	43058	54.788
43069	43018	16.295
43069	43101	32.435
43069	43045	32.25
43069	43080	26.84
43069	42927	15.982
43069	43016	28.614
43069	43138	2.597
43069	43108	52.999
43069	43106	16.064
43069	42923	56.815
43069	43040	28.899
43069	43061	28.135
43069	43119	51.781
43069	43025	27.005
43069	43043	21.894
43069	43107	20.432
43069	43073	30.301
43069	42854	30.487
43069	43055	51.956
43069	43082	23.5
43069	43151	25.578
43069	43156	64.863
43069	43143	13.231
43069	43130	14.274
43069	43097	49.135
43069	43144	24.244
43069	43048	54.774
43069	43041	26.025
43069	43155	47.45
43069	43039	62.031
43069	43026	18.951
43069	43093	54.356
43069	43006	18.84
43069	43049	23.479
43069	43053	40.453
43069	43010	37.342
43069	43105	24.528
43069	43074	56.62
43069	43014	37.006
43069	43128	12.178
43069	43140	17.59
43069	43378	31.728
43069	43319	29.568
43069	43530	33.661
43069	43282	21.187
43069	43298	50.458
43069	43275	49.975
43069	43491	55.93
43069	43309	53.731
43069	43314	35.644
43069	43555	37.516
43069	43560	39.473
43069	43274	49.061
43069	43997	55.693
43069	43893	28.147
43069	43713	9.378
43069	43763	21.011
43069	43631	28.106
43069	43847	28.411
43069	43833	51.242
43069	43630	26.706
43069	44254	43.875
43069	44398	29.355
43069	44059	31.157
43069	44397	24.728
43069	44072	27.18
43069	44253	48.191
43069	44092	58.679
43069	44395	24.339
43069	44394	45.827
43069	44018	42.978
43069	44019	38.84
43069	44027	35.651
43069	44071	36.754
43069	44396	50.903
43069	44028	46.161
43069	44041	63.429
43069	44285	62.831
43069	44399	28.588
43069	44073	33.08
43069	44074	25.553
43069	44417	49.769
43069	44405	14.255
43069	44411	27.121
43069	44415	19.379
43069	44419	27.189
43069	44408	25.685
43069	44414	25.758
43069	44410	49.196
43069	44407	31.799
43069	44409	33.603
43069	44558	29.35
43069	44404	3.529
43069	44406	22.512
43069	44413	50.837
43069	44418	26.746
43069	44403	24.268
43069	44420	37.691
43069	44421	24.064
43069	44416	36.65
43069	44412	16.849
43069	44402	34.46
43069	44522	46.828
43069	45028	51.151
43069	44973	6.877
43069	44972	52.489
43069	45071	57.425
43069	44846	20.394
43069	45436	29.249
43069	45258	74.755
43069	45217	16.724
43069	45310	18.848
43069	45441	64.375
43069	45515	81.979
43069	45287	50.24
43069	45517	71.242
43069	45365	11.549
43069	45518	65.668
43069	45339	31.072
43069	45556	52.016
43069	45443	23.721
43069	45309	69.243
43069	45520	83.534
43069	45512	47.147
43069	45522	70.634
43069	45232	49.839
43069	45366	56.736
43069	45516	75.502
43069	45575	50.399
43069	45519	72.48
43069	45257	77.372
43069	45521	78.169
43069	45823	14.233
43069	45602	26.263
43069	45783	42.764
43069	46119	62.409
43069	46188	21.528
43069	46354	60.744
43069	46194	28.609
43069	46512	17.817
43069	46500	53.656
43069	46567	22.221
43069	47567	13.949
43069	47514	18.754
43069	47515	14.743
43069	47565	22.958
43069	47569	15.862
43069	47570	6.079
43069	47566	37.022
43069	47568	20.546
43069	47919	25.734
43069	47916	23.861
43069	47880	15.045
43069	47921	9.917
43069	47920	41.314
43069	47918	12.853
43069	47674	39.428
43069	47964	54.08
43069	47850	24.462
43069	47923	4.638
43069	47925	39.292
43069	47915	22.502
43069	47647	57.38
43069	47678	51.394
43069	47914	47.462
43069	47980	51.484
43069	47913	52.743
43069	47657	47.664
43069	47803	9.216
43069	47673	42.47
43069	47922	9.17
43069	47924	3.529
43069	47865	18.201
43069	47917	36.024
43069	48063	49.905
43069	48137	29.468
43069	48186	10.826
43069	48660	46.667
43069	48541	39.279
43069	48633	36.23
43069	49473	3.592
43069	49313	37.395
43069	49059	14.513
43069	49153	41.461
43069	50966	19.123
43069	50604	33.292
43069	50448	33.819
43069	1633	22.308
43040	3469	78.143
43040	3889	43.902
43040	3865	13.348
43040	3891	38.614
43040	3866	29.234
43040	3961	71.103
43040	3890	75.414
43040	3887	74.584
43040	3868	36.179
43040	3999	36.915
43040	4709	42.663
43040	5309	16.313
43040	6971	7.582
43040	7015	22.105
43040	6948	40.913
43040	8694	45.879
43040	9368	55.457
43040	9274	56.817
43040	9876	13.002
43040	11000	35.384
43040	11619	34.064
43040	12229	14.269
43040	12730	11.35
43040	13179	36.753
43040	13113	59.903
43040	13252	38.152
43040	13344	17.335
43040	13260	43.59
43040	13862	63.437
43040	15149	69.676
43040	15095	62.436
43040	15597	11.745
43040	16159	32.279
43040	16742	18.759
43040	16741	75.225
43040	17805	57.877
43040	18346	52.686
43040	18562	38.998
43040	28042	66.036
43040	28123	46.849
43040	28085	17.461
43040	28130	19.504
43040	28067	6.672
43040	28110	22.105
43040	28131	48.104
43040	28088	9.407
43040	28060	20.342
43040	28109	68.025
43040	28070	6.99
43040	28132	43.969
43040	28082	43.247
43040	28089	46.771
43040	28050	20.2
43040	28071	5.156
43040	28064	36.95
43040	28101	17.06
43040	28127	18.645
43040	28102	66.662
43040	28073	11.564
43040	28129	39.915
43040	28046	16.277
43040	28066	34.809
43040	28112	33.122
43040	28069	34.996
43040	28116	56.875
43040	28049	28.624
43040	28041	21.63
43040	28094	35.753
43040	28099	64.235
43040	28048	17.31
43040	28117	31.461
43040	28103	78.873
43040	28058	14.584
43040	28061	86.099
43040	28072	35.252
43040	28111	15.558
43040	28142	34.688
43040	28107	20.63
43040	28044	6.208
43040	28124	18.078
43040	28047	10.559
43040	28143	22.562
43040	28043	63.905
43040	28051	74.736
43040	28040	15.335
43040	28086	54.515
43040	28065	40.019
43040	28566	53.952
43040	28571	73.077
43040	28477	32.7
43040	28476	5.716
43040	28579	19.275
43040	29702	3.885
43040	29777	28.181
43040	32097	16.125
43040	32093	37.687
43040	32096	20.125
43040	32094	40.489
43040	32095	68.824
43040	32091	15.066
43040	32090	36.652
43040	32098	37.738
43040	32498	42.985
43040	32494	24.634
43040	32873	66.468
43040	32872	65.59
43040	32818	17.402
43040	35788	67.145
43040	35729	79.591
43040	35754	33.155
43040	35722	70.77
43040	35870	45.541
43040	36143	32.418
43040	38295	7.902
43040	38389	3.879
43040	38252	21.193
43040	38064	3.339
43040	38062	57.958
43040	38049	5.895
43040	38063	43.889
43040	38058	33.998
43040	38061	82.227
43040	38249	39.9
43040	38052	16.14
43040	38236	30.697
43040	38060	14.35
43040	38067	34.571
43040	38287	3.761
43040	38111	44.709
43040	38297	47.082
43040	38053	40.126
43040	38250	42.036
43040	38065	34.197
43040	38051	-1
43040	38050	18.675
43040	38069	30.037
43040	38059	9.666
43040	38245	30.108
43040	38395	36.49
43040	38066	35.274
43040	38386	6.706
43040	38604	75.02
43040	38483	9.442
43040	38642	51.131
43040	38552	3.662
43040	38513	30.157
43040	38643	5.123
43040	38573	11.755
43040	38646	33.751
43040	38459	26.026
43040	38603	14.538
43040	38486	9.727
43040	38554	26.649
43040	38644	34.881
43040	38602	70.023
43040	38453	4.242
43040	38484	42.243
43040	42788	35.541
43040	42786	15.709
43040	42783	35.691
43040	42780	30.937
43040	42790	32.436
43040	42778	65.768
43040	42784	7.665
43040	42787	54.557
43040	42781	10.536
43040	42779	28.737
43040	42785	21.895
43040	42789	17.363
43040	42782	14.356
43040	43146	46.046
43040	43087	40.296
43040	43120	58.971
43040	43046	65.602
43040	43011	42.051
43040	43007	70.069
43040	43102	38.9
43040	43153	67.218
43040	43021	14.886
43040	43031	5.396
43040	43125	40.899
43040	43145	45.603
43040	43113	55.746
43040	43135	45.867
43040	43154	8.758
43040	43137	16.684
43040	43008	13.655
43040	43059	52.408
43040	43022	10.471
43040	43064	10.159
43040	43060	11.121
43040	43126	42.651
43040	43117	41.333
43040	43123	2.174
43040	43134	31.086
43040	43050	69.598
43040	43127	29.622
43040	43133	42.24
43040	43094	22.873
43040	42853	59.692
43040	43111	64.172
43040	43131	14.802
43040	43115	37.34
43040	43121	9.075
43040	43068	52.329
43040	43152	90.214
43040	43029	81.442
43040	43142	38.514
43040	43083	15.684
43040	43088	45.991
43040	43028	14.669
43040	43020	66.751
43040	43104	75.083
43040	43122	3.972
43040	43078	42.524
43040	43036	45.536
43040	43114	42.838
43040	43116	70.43
43040	43092	25.756
43040	43034	31.102
43040	43095	22.678
43040	43009	41.956
43040	43084	64.724
43040	43042	67.64
43040	43147	63.572
43040	43067	15.778
43040	43148	42.107
43040	43030	12.994
43040	43129	33.061
43040	43027	22.63
43040	43076	20.523
43040	43019	17.399
43040	43057	66.503
43040	43124	50.395
43040	43110	19.583
43040	43072	1.269
43040	43063	5.623
43040	42924	12.084
43040	43109	3.023
43040	43081	38.215
43040	43054	68.05
43040	42925	10.922
43040	43075	50.793
43040	43090	43.522
43040	43099	17.05
43040	43139	70.212
43040	43035	44.673
43040	43044	78.435
43040	43096	0.774
43040	43149	40.154
43040	43089	63.535
43040	43100	19.539
43040	43012	66.588
43040	43150	43.825
43040	43023	1.578
43040	43079	281.02
43040	43077	41.732
43040	43070	45.224
43040	43056	15.356
43040	43066	1.984
43040	43098	56.88
43040	43005	37.805
43040	43062	1.717
43040	43024	79.536
43040	42926	52.292
43040	43103	26.893
43040	43085	60.459
43040	43091	43.238
43040	43038	4.125
43040	43118	17.011
43040	43047	43.549
43040	43033	20.682
43040	43071	12.445
43040	43112	8.772
43040	43013	69.102
43040	43017	3.821
43040	43141	42.616
43040	43051	42.839
43040	43065	84.939
43040	43032	76.969
43040	43052	28.815
43040	43132	29.788
43040	43136	44.088
43040	43086	4.522
43040	43037	73.98
43040	43015	41.711
43040	43058	71.352
43040	43018	13.202
43040	43101	48.999
43040	43045	5.616
43040	43080	43.238
43040	42927	10.697
43040	43016	9.457
43040	43138	26.693
43040	43108	69.562
43040	43106	44.284
43040	42923	73.379
43040	43069	28.134
43040	43061	2.786
43040	43119	68.344
43040	43025	43.569
43040	43043	17.344
43040	43107	8.043
43040	43073	1.857
43040	42854	2.985
43040	43055	68.519
43040	43082	40.064
43040	43151	42.142
43040	43156	81.426
43040	43143	42.559
43040	43130	14.369
43040	43097	65.699
43040	43144	40.807
43040	43048	71.337
43040	43041	42.589
43040	43155	64.013
43040	43039	78.594
43040	43026	46.484
43040	43093	70.919
43040	43006	9.979
43040	43049	12.811
43040	43053	57.016
43040	43010	11.998
43040	43105	41.589
43040	43074	73.183
43040	43014	53.569
43040	43128	17.06
43040	43140	16.963
43040	43378	4.858
43040	43319	10.41
43040	43530	71.905
43040	43282	9.666
43040	43298	67.022
43040	43275	66.539
43040	43491	72.493
43040	43309	70.294
43040	43314	9.625
43040	43555	54.079
43040	43560	15.147
43040	43274	65.625
43040	43997	72.257
43040	43893	44.711
43040	43713	35.704
43040	43763	37.409
43040	43631	12.364
43040	43847	44.975
43040	43833	67.805
43040	43630	15.946
43040	44254	60.438
43040	44398	6.784
43040	44059	47.556
43040	44397	5.182
43040	44072	43.743
43040	44253	64.755
43040	44092	75.242
43040	44395	20.961
43040	44394	62.391
43040	44018	59.541
43040	44019	55.404
43040	44027	10.308
43040	44071	53.318
43040	44396	67.467
43040	44028	62.725
43040	44041	79.992
43040	44285	79.394
43040	44399	9.512
43040	44073	8.921
43040	44074	16.492
43040	44417	66.333
43040	44405	12.251
43040	44411	18.766
43040	44415	12.91
43040	44419	5.725
43040	44408	8.045
43040	44414	7.894
43040	44410	65.759
43040	44407	6.582
43040	44409	8.254
43040	44558	45.749
43040	44404	32.378
43040	44406	11.739
43040	44413	67.401
43040	44418	2.944
43040	44403	40.831
43040	44420	13.364
43040	44421	23.303
43040	44416	12.323
43040	44412	12.725
43040	44402	10.112
43040	44522	63.391
43040	45028	67.715
43040	44973	33.725
43040	44972	69.053
43040	45071	73.989
43040	44846	36.792
43040	45436	2.378
43040	45258	91.319
43040	45217	34.53
43040	45310	35.421
43040	45441	80.938
43040	45515	98.542
43040	45287	66.804
43040	45517	87.805
43040	45365	14.856
43040	45518	82.231
43040	45339	47.47
43040	45556	68.579
43040	45443	6.056
43040	45309	85.807
43040	45520	100.098
43040	45512	63.71
43040	45522	87.198
43040	45232	66.403
43040	45366	73.299
43040	45516	92.065
43040	45575	66.963
43040	45519	89.043
43040	45257	93.935
43040	45521	94.732
43040	45823	13.24
43040	45602	8.217
43040	45783	59.328
43040	46119	78.973
43040	46188	7.692
43040	46354	77.307
43040	46194	45.172
43040	46512	34.216
43040	46500	70.22
43040	46567	38.784
43040	47567	41.118
43040	47514	14.804
43040	47515	31.142
43040	47565	39.357
43040	47569	28.659
43040	47570	28.384
43040	47566	69.204
43040	47568	36.945
43040	47919	20.63
43040	47916	4.952
43040	47880	44.889
43040	47921	40.098
43040	47920	57.877
43040	47918	14.269
43040	47674	42.026
43040	47964	70.643
43040	47850	41.523
43040	47923	32.429
43040	47925	55.855
43040	47915	38.9
43040	47647	73.943
43040	47678	67.958
43040	47914	64.025
43040	47980	68.048
43040	47913	69.306
43040	47657	64.228
43040	47803	24.248
43040	47673	59.034
43040	47922	38.614
43040	47924	32.378
43040	47865	34.764
43040	47917	10.17
43040	48063	66.468
43040	48137	10.311
43040	48186	40.282
43040	48660	63.231
43040	48541	55.842
43040	48633	68.411
43040	49473	27.414
43040	49313	42.441
43040	49059	15.184
43040	49153	58.025
43040	50966	15.173
43040	50604	7.944
43040	50448	50.382
43040	1633	38.872
43061	3469	78.344
43061	3889	44.103
43061	3865	11.176
43061	3891	38.815
43061	3866	29.435
43061	3961	71.304
43061	3890	75.615
43061	3887	74.785
43061	3868	36.38
43061	3999	37.116
43061	4709	42.864
43061	5309	18.164
43061	6971	6.892
43061	7015	20.108
43061	6948	41.114
43061	8694	46.08
43061	9368	55.658
43061	9274	57.018
43061	9876	12.312
43061	11000	35.585
43061	11619	34.265
43061	12229	13.579
43061	12730	9.178
43061	13179	32.173
43061	13113	60.104
43061	13252	38.353
43061	13344	15.163
43061	13260	43.791
43061	13862	63.638
43061	15149	69.877
43061	15095	62.637
43061	15597	9.573
43061	16159	32.48
43061	16742	16.587
43061	16741	75.426
43061	17805	58.078
43061	18346	52.887
43061	18562	39.199
43061	28042	41.915
43061	28123	47.05
43061	28085	15.289
43061	28130	17.332
43061	28067	4.519
43061	28110	19.933
43061	28131	48.305
43061	28088	11.969
43061	28060	18.17
43061	28109	68.226
43061	28070	4.39
43061	28132	44.17
43061	28082	43.448
43061	28089	46.972
43061	28050	19.103
43061	28071	2.614
43061	28064	37.151
43061	28101	14.888
43061	28127	16.473
43061	28102	66.863
43061	28073	9.392
43061	28129	40.116
43061	28046	16.354
43061	28066	35.01
43061	28112	33.323
43061	28069	35.197
43061	28116	57.076
43061	28049	28.825
43061	28041	19.633
43061	28094	35.954
43061	28099	64.436
43061	28048	15.138
43061	28117	31.662
43061	28103	79.074
43061	28058	11.818
43061	28061	86.3
43061	28072	35.453
43061	28111	13.386
43061	28142	34.889
43061	28107	18.633
43061	28044	5.518
43061	28124	15.906
43061	28047	9.869
43061	28143	20.565
43061	28043	64.106
43061	28051	74.937
43061	28040	12.569
43061	28086	54.716
43061	28065	40.22
43061	28566	54.153
43061	28571	73.278
43061	28477	32.901
43061	28476	7.751
43061	28579	17.103
43061	29702	1.221
43061	29777	18.92
43061	32097	13.953
43061	32093	37.888
43061	32096	18.128
43061	32094	40.69
43061	32095	69.025
43061	32091	12.3
43061	32090	36.853
43061	32098	37.939
43061	32498	43.186
43061	32494	24.835
43061	32873	42.347
43061	32872	65.791
43061	32818	15.23
43061	35788	43.697
43061	35729	79.792
43061	35754	33.356
43061	35722	43.634
43061	35870	43.544
43061	36143	32.619
43061	38295	8.509
43061	38389	5.914
43061	38252	19.196
43061	38064	5.374
43061	38062	58.159
43061	38049	3.295
43061	38063	44.09
43061	38058	34.199
43061	38061	82.428
43061	38249	40.101
43061	38052	13.968
43061	38236	30.898
43061	38060	11.584
43061	38067	34.772
43061	38287	7.092
43061	38111	44.91
43061	38297	47.283
43061	38053	40.327
43061	38250	42.237
43061	38065	34.398
43061	38051	-1
43061	38050	15.242
43061	38069	30.238
43061	38059	7.886
43061	38245	30.309
43061	38395	36.691
43061	38066	35.475
43061	38386	9.529
43061	38604	75.221
43061	38483	8.752
43061	38642	51.332
43061	38552	2.972
43061	38513	30.358
43061	38643	5.51
43061	38573	11.808
43061	38646	33.952
43061	38459	26.847
43061	38603	12.366
43061	38486	10.334
43061	38554	27.056
43061	38644	35.082
43061	38602	70.224
43061	38453	6.205
43061	38484	42.444
43061	42788	35.742
43061	42786	13.537
43061	42783	35.892
43061	42780	31.138
43061	42790	32.637
43061	42778	65.969
43061	42784	5.493
43061	42787	54.758
43061	42781	9.846
43061	42779	28.938
43061	42785	19.723
43061	42789	15.191
43061	42782	13.666
43061	43146	46.247
43061	43087	40.497
43061	43120	59.172
43061	43046	65.803
43061	43011	42.252
43061	43007	70.27
43061	43102	39.101
43061	43153	67.419
43061	43021	14.196
43061	43031	2.63
43061	43125	41.1
43061	43145	45.804
43061	43113	55.947
43061	43135	46.068
43061	43154	6.761
43061	43137	14.512
43061	43008	11.483
43061	43059	52.609
43061	43022	7.705
43061	43064	9.469
43061	43060	10.431
43061	43126	40.654
43061	43117	41.534
43061	43123	3.172
43061	43134	31.287
43061	43050	69.799
43061	43127	28.932
43061	43133	42.441
43061	43094	20.876
43061	42853	59.893
43061	43111	64.373
43061	43131	14.148
43061	43115	37.541
43061	43121	6.903
43061	43068	52.53
43061	43152	90.415
43061	43029	81.643
43061	43142	38.715
43061	43083	13.512
43061	43088	46.192
43061	43028	11.903
43061	43020	66.952
43061	43104	75.284
43061	43122	2.761
43061	43078	42.725
43061	43036	43.539
43061	43114	43.039
43061	43116	70.631
43061	43092	25.957
43061	43034	31.303
43061	43095	20.681
43061	43009	42.157
43061	43084	64.925
43061	43042	67.841
43061	43147	63.773
43061	43067	13.606
43061	43148	42.308
43061	43030	15.227
43061	43129	33.262
43061	43027	22.831
43061	43076	18.526
43061	43019	14.633
43061	43057	66.704
43061	43124	50.596
43061	43110	17.586
43061	43072	3.814
43061	43063	7.658
43061	42924	9.318
43061	43109	4.289
43061	43081	38.416
43061	43054	68.251
43061	42925	8.75
43061	43075	50.994
43061	43090	41.525
43061	43099	14.284
43061	43139	41.364
43061	43035	44.874
43061	43044	78.636
43061	43096	2.363
43061	43149	40.355
43061	43089	63.736
43061	43100	17.367
43061	43012	66.789
43061	43150	44.026
43061	43023	5.145
43061	43079	281.221
43061	43077	39.735
43061	43070	45.425
43061	43056	14.945
43061	43066	4.789
43061	43098	57.081
43061	43005	38.006
43061	43062	1.252
43061	43024	79.737
43061	42926	52.493
43061	43103	27.094
43061	43085	60.66
43061	43091	43.439
43061	43038	1.359
43061	43118	14.839
43061	43047	43.75
43061	43033	18.51
43061	43071	9.679
43061	43112	8.082
43061	43013	40.254
43061	43017	3.349
43061	43141	42.817
43061	43051	43.04
43061	43065	85.14
43061	43032	77.17
43061	43052	28.125
43061	43132	29.989
43061	43136	44.289
43061	43086	4.972
43061	43037	74.181
43061	43015	41.912
43061	43058	71.553
43061	43018	11.03
43061	43101	49.2
43061	43045	4.136
43061	43080	43.439
43061	42927	10.007
43061	43016	7.285
43061	43138	26.894
43061	43108	69.763
43061	43106	44.485
43061	42923	73.58
43061	43069	28.808
43061	43040	2.692
43061	43119	68.545
43061	43025	43.77
43061	43043	15.347
43061	43107	8.65
43061	43073	5.87
43061	42854	2.94
43061	43055	68.72
43061	43082	40.265
43061	43151	42.343
43061	43156	81.627
43061	43143	42.76
43061	43130	12.197
43061	43097	65.9
43061	43144	41.008
43061	43048	71.538
43061	43041	42.79
43061	43155	64.214
43061	43039	78.795
43061	43026	46.685
43061	43093	71.12
43061	43006	7.807
43061	43049	10.639
43061	43053	57.217
43061	43010	9.232
43061	43105	41.79
43061	43074	73.384
43061	43014	53.77
43061	43128	14.888
43061	43140	14.791
43061	43378	4.182
43061	43319	8.238
43061	43530	43.057
43061	43282	7.886
43061	43298	67.223
43061	43275	66.74
43061	43491	72.694
43061	43309	70.495
43061	43314	6.859
43061	43555	54.28
43061	43560	12.381
43061	43274	65.826
43061	43997	72.458
43061	43893	44.912
43061	43713	35.905
43061	43763	37.61
43061	43631	9.598
43061	43847	45.176
43061	43833	68.006
43061	43630	13.18
43061	44254	60.639
43061	44398	4.184
43061	44059	40.719
43061	44397	7.145
43061	44072	43.944
43061	44253	64.956
43061	44092	75.443
43061	44395	18.964
43061	44394	62.592
43061	44018	59.742
43061	44019	55.605
43061	44027	7.542
43061	44071	53.519
43061	44396	67.668
43061	44028	62.926
43061	44041	80.193
43061	44285	79.595
43061	44399	5.619
43061	44073	6.155
43061	44074	13.726
43061	44417	66.534
43061	44405	11.561
43061	44411	16.102
43061	44415	10.738
43061	44419	5.035
43061	44408	7.483
43061	44414	7.204
43061	44410	65.96
43061	44407	3.816
43061	44409	5.488
43061	44558	45.95
43061	44404	32.579
43061	44406	11.049
43061	44413	67.602
43061	44418	1.934
43061	44403	41.032
43061	44420	10.598
43061	44421	21.306
43061	44416	9.557
43061	44412	10.553
43061	44402	7.346
43061	44522	63.592
43061	45028	67.916
43061	44973	33.926
43061	44972	69.254
43061	45071	74.19
43061	44846	36.993
43061	45436	4.413
43061	45258	91.52
43061	45217	34.731
43061	45310	35.622
43061	45441	81.139
43061	45515	98.743
43061	45287	67.005
43061	45517	88.006
43061	45365	14.166
43061	45518	82.432
43061	45339	47.671
43061	45556	68.78
43061	45443	6.851
43061	45309	86.008
43061	45520	100.299
43061	45512	63.911
43061	45522	87.399
43061	45232	66.604
43061	45366	73.5
43061	45516	92.266
43061	45575	67.164
43061	45519	89.244
43061	45257	94.136
43061	45521	94.933
43061	45823	13.317
43061	45602	7.527
43061	45783	59.529
43061	46119	79.174
43061	46188	7.769
43061	46354	77.508
43061	46194	45.373
43061	46512	34.417
43061	46500	70.421
43061	46567	38.985
43061	47567	41.319
43061	47514	12.632
43061	47515	31.343
43061	47565	39.558
43061	47569	20.63
43061	47570	28.585
43061	47566	40.356
43061	47568	37.146
43061	47919	18.633
43061	47916	5.116
43061	47880	45.09
43061	47921	40.299
43061	47920	58.078
43061	47918	13.579
43061	47674	42.227
43061	47964	70.844
43061	47850	41.724
43061	47923	32.63
43061	47925	56.056
43061	47915	39.101
43061	47647	74.144
43061	47678	68.159
43061	47914	64.226
43061	47980	68.249
43061	47913	69.507
43061	47657	64.429
43061	47803	24.449
43061	47673	59.235
43061	47922	38.815
43061	47924	32.579
43061	47865	34.965
43061	47917	8.46
43061	48063	42.347
43061	48137	8.139
43061	48186	40.483
43061	48660	63.432
43061	48541	56.043
43061	48633	39.563
43061	49473	26.724
43061	49313	40.444
43061	49059	13.012
43061	49153	58.226
43061	50966	13.001
43061	50604	5.178
43061	50448	50.583
43061	1633	39.073
43119	3469	13.042
43119	3889	36.393
43119	3865	38.55
43119	3891	40.3
43119	3866	23.413
43119	3961	5.382
43119	3890	10.313
43119	3887	15.33
43119	3868	34.809
43119	3999	18.307
43119	4709	37.634
43119	5309	31.652
43119	6971	46.404
43119	7015	25.792
43119	6948	14.834
43119	8694	11.403
43119	9368	40.719
43119	9274	14.615
43119	9876	36.719
43119	11000	28.329
43119	11619	23.445
43119	12229	35.05
43119	12730	39.054
43119	13179	25.731
43119	13113	26.836
43119	13252	37.125
43119	13344	37.058
43119	13260	26.725
43119	13862	27.659
43119	15149	16.437
43119	15095	29.347
43119	15597	32.66
43119	16159	29.511
43119	16742	29.799
43119	16741	8.879
43119	17805	43.139
43119	18346	26.318
43119	18562	22.275
43119	28042	6.374
43119	28123	6.519
43119	28085	29.629
43119	28130	28.705
43119	28067	50.94
43119	28110	26.678
43119	28131	5.441
43119	28088	58.732
43119	28060	26.582
43119	28109	14.787
43119	28070	51.231
43119	28132	16.695
43119	28082	16.532
43119	28089	24.69
43119	28050	30.707
43119	28071	50.891
43119	28064	38.193
43119	28101	33.418
43119	28127	29.632
43119	28102	11.82
43119	28073	37.712
43119	28129	18.032
43119	28046	33.816
43119	28066	22.003
43119	28112	20.635
43119	28069	17.111
43119	28116	45.219
43119	28049	29.167
43119	28041	26.485
43119	28094	17.954
43119	28099	10.997
43119	28048	33.654
43119	28117	21.047
43119	28103	13.773
43119	28058	34.667
43119	28061	20.999
43119	28072	37.924
43119	28111	39.157
43119	28142	22.591
43119	28107	31.247
43119	28044	46.613
43119	28124	28.425
43119	28047	38.285
43119	28143	25.605
43119	28043	3.486
43119	28051	17.663
43119	28040	33.539
43119	28086	42.858
43119	28065	31.877
43119	28566	20.884
43119	28571	16.004
43119	28477	23.122
43119	28476	53.308
43119	28579	27.432
43119	29702	51.955
43119	29777	25.889
43119	32097	33.373
43119	32093	16.219
43119	32096	32.913
43119	32094	39.098
43119	32095	13.247
43119	32091	35.881
43119	32090	37.75
43119	32098	36.059
43119	32498	37.955
43119	32494	29.285
43119	32873	5.029
43119	32872	3.28
43119	32818	28.225
43119	35788	3.293
43119	35729	14.491
43119	35754	20.99
43119	35722	3.868
43119	35870	5.341
43119	36143	31.303
43119	38295	45.694
43119	38389	52.773
43119	38252	27.187
43119	38064	53.051
43119	38062	8.761
43119	38049	52.368
43119	38063	24.272
43119	38058	30.437
43119	38061	17.127
43119	38249	16.301
43119	38052	39.918
43119	38236	20.796
43119	38060	40.529
43119	38067	29.142
43119	38287	51.11
