476	226100
-23.7692218	-46.6986378
-23.4613107	-46.7050152
-23.562638600000003	-46.4924293
-23.475279699999998	-46.64171839999999
-23.553746899999997	-46.5799659
-23.7148062	-46.687261
-23.7439673	-46.7035484
-23.642293399999996	-46.7808237
-23.505215300000003	-46.670571200000005
-23.596661899999997	-46.592506
-23.461758	-46.67329669999999
-23.59926	-46.48333220000001
-23.508047	-46.463784999999994
-23.6173747	-46.5075657
-23.633556600000002	-46.6125815
-23.6524292	-46.6379878
-23.4316755	-46.781722200000004
-23.5980545	-46.734665500000006
-23.5022036	-46.493882799999994
-23.4623178	-46.6296539
-23.588589199999998	-46.5602034
-23.5001716	-46.51682659999999
-23.545006	-46.486847
-23.605091100000003	-46.555048600000006
-23.584770000000002	-46.7909549
-23.476943600000002	-46.659091100000005
-23.5733437	-46.51583970000001
-23.514091	-46.746573600000005
-23.5926537	-46.78364029999999
-23.675942300000003	-46.792129700000004
-23.600726	-46.795369
-23.537767600000002	-46.4918694
-23.4649947	-46.6048435
-23.5700464	-46.5346103
-23.742701899999997	-46.686249100000005
-23.4312857	-46.787648100000006
-23.575964000000003	-46.7752597
-23.538498800000003	-46.689203899999995
-23.673062100000003	-46.649359600000004
-23.664036	-46.64544249999999
-23.6010052	-46.508021
-23.5920172	-46.5163348
-23.534011	-46.442704
-23.6038842	-46.532566100000004
-23.6483225	-46.66217169999999
-23.4849662	-46.34947329999999
-23.5896451	-46.5348143
-23.6611996	-46.786255100000005
-23.5406005	-46.4393013
-23.6573493	-46.6142714
-23.6492784	-46.610417
-23.543776	-46.744808899999995
-23.6265135	-46.463716399999996
-23.5273652	-46.4356029
-23.486717199999998	-46.6553196
-23.5234676	-46.5263225
-23.59393	-46.511768100000005
-23.665628100000003	-46.7629059
-23.552438100000003	-46.4875654
-23.6192424	-46.586948
-23.497513199999997	-46.530339
-23.5254174	-46.651586200000004
-23.526245	-46.64185699999999
-23.5696198	-46.6235888
-23.3999249	-46.7510521
-23.4777755	-46.5879396
-23.623600500000002	-46.4931968
-23.5569779	-46.6419089
-23.634695100000002	-46.7557907
-23.553051	-46.524581
-23.525999399999996	-46.62105469999999
-23.7696124	-46.6846632
-23.596712300000004	-46.4400751
-23.8294076	-46.7271197
-23.497700899999998	-46.6549657
-23.5900703	-46.4999829
-23.5964669	-46.5675552
-23.611491100000002	-46.49400929999999
-23.5025625	-46.4500403
-23.584112	-46.516525200000004
-23.5301733	-46.479950099999996
-23.6212232	-46.509203899999996
-23.6620771	-46.6696664
-23.730154000000002	-46.788790000000006
-23.594972199999997	-46.448771
-23.4095797	-46.7572385
-23.4933297	-46.7009633
-23.5770512	-46.7344906
-23.7146759	-46.7776059
-23.5036628	-46.6314982
-23.4949963	-46.38007229999999
-23.5795832	-46.528333399999994
-23.5304125	-46.42163239999999
-23.549223899999998	-46.56103220000001
-23.598771300000003	-46.495013
-23.5627032	-46.6492443
-23.6324091	-46.442922100000004
-23.4620523	-46.6510067
-23.6791553	-46.779512100000005
-23.603734399999997	-46.429937
-23.489500699999997	-46.66453320000001
-23.4818082	-46.667012899999996
-23.465073800000003	-46.661776
-23.5119775	-46.565870600000004
-23.677735100000003	-46.652069700000006
-23.6744815	-46.6659658
-23.6058427	-46.5033451
-23.6856033	-46.6614845
-23.744987100000003	-46.6688972
-23.5822951	-46.582716
-23.696527399999997	-46.6629361
-23.6875817	-46.656961200000005
-23.449079100000002	-46.59643699999999
-23.5009685	-46.462325899999996
-23.504260100000003	-46.3854192
-23.616484399999997	-46.4958125
-23.5115075	-46.3844534
-23.6192504	-46.6870232
-23.542674899999998	-46.43108050000001
-23.5317711	-46.720518799999994
-23.449117899999997	-46.6101824
-23.7923543	-46.7386132
-23.6127322	-46.6162809
-23.595907699999998	-46.5002225
-23.5510579	-46.5982348
-23.6032036	-46.40354689999999
-23.4606901	-46.6227544
-23.494482	-46.4005343
-23.6479362	-46.63833349999999
-23.6536227	-46.652257899999995
-23.4820294	-46.6786015
-23.638505	-46.6060326
-23.4943794	-46.637310299999996
34.4208305	-119.69819009999999
-23.616898199999998	-46.456936999999996
-23.499852399999998	-46.5904286
-23.486158800000002	-46.459833200000006
-23.461010199999997	-46.583310600000004
-23.5962688	-46.5462835
-23.504897500000002	-46.6594021
-23.505569899999998	-46.3666304
-23.7332873	-46.7834367
-23.513748	-46.4829339
-23.4467938	-46.753799
-23.5151358	-46.43300670000001
-23.498638699999997	-46.59683820000001
-23.5103129	-46.4464014
-23.4897451	-46.4915098
-23.435900600000004	-46.5807948
-23.4925308	-46.573097499999996
-23.551083300000002	-46.505941
-23.488993	-46.476532
-23.4862826	-46.5768925
-23.5093563	-46.6641566
-23.6835438	-46.775461299999996
-23.492223199999998	-46.4159711
-23.6307902	-46.62566899999999
-23.532037600000002	-46.6523697
-23.560184500000002	-46.5101297
-23.475870899999997	-46.6304113
-23.5381787	-46.612041999999995
-23.573782	-46.5593139
-23.6741311	-46.65957230000001
-23.5394751	-46.455195
-23.587430800000003	-46.6852683
-23.5231609	-46.4904707
-23.5374907	-46.595440999999994
-23.5998592	-46.5399968
-23.546588	-46.5319789
-23.5053517	-46.5209756
-23.482301500000002	-46.7470085
-23.5537496	-46.6910563
-23.5872032	-46.770333
-23.654064	-46.757468700000004
-23.4708759	-46.69199940000001
-23.6980537	-46.760393799999996
-23.6136235	-46.5937525
-23.6830009	-46.7115453
-23.512776000000002	-46.5138867
-23.543558100000002	-46.4094614
-23.629596499999998	-46.6049193
-23.5024688	-46.7611498
-23.4356435	-46.7180836
-23.455533	-46.71653509999999
-23.5605659	-46.423367799999994
-23.536713600000002	-46.527623999999996
-23.546647	-46.5003237
-23.452660100000003	-46.7309598
-23.5767171	-46.411556299999994
-23.5295429	-46.476192700000006
-23.5095558	-46.4970669
-23.7029949	-46.6358951
-23.633648	-46.589042
-23.5023707	-46.42256649999999
-23.493586899999997	-46.600653799999996
-23.692373899999996	-46.7574551
-23.4906455	-46.591483700000005
-23.532007800000002	-46.70109799999999
-23.610337899999998	-46.5094928
-23.6353546	-46.6991085
-23.647620899999996	-46.7017643
-23.5377509	-46.514444700000006
-23.529626	-46.67770360000001
-23.5498029	-46.448725399999994
-23.6824443	-46.6680309
-23.8540253	-46.7082778
-23.7323046	-46.660217200000005
-23.494543300000004	-46.6852655
-23.5915065	-46.4859133
-23.4890102	-46.7593497
-23.5977406	-46.3915711
-23.6462668	-46.7725291
-23.743203899999997	-46.711250899999996
-23.5372741	-46.40504979999999
-23.6448973	-46.59318349999999
-23.7106496	-46.65329209999999
-23.5140031	-46.719954200000004
-23.6909981	-46.6701895
-23.517538100000003	-46.5766328
-23.452653100000003	-46.585728
-23.615462899999997	-46.510587799999996
-23.4703738	-46.6739437
-23.6654027	-46.7357567
-23.678639399999998	-46.762637700000006
-23.6174452	-46.7457553
-23.572374	-46.503646200000006
-23.4767758	-46.703439
-23.5840956	-46.448913899999994
-23.5675456	-46.547269899999996
-23.5109607	-46.550818400000004
-23.6154435	-46.4880035
-23.61324	-46.4527789
-23.6557057	-46.771094700000006
-23.5622116	-46.7645351
-23.631319199999997	-46.458017600000005
-23.50466	-46.4101961
-23.4857544	-46.39402329999999
-23.5869799	-46.406795200000005
-23.5211862	-46.3887831
-23.6123592	-46.60379959999999
-23.6714841	-46.7795974
-23.5623918	-46.4573151
-23.572761399999997	-46.76103079999999
-23.6971785	-46.648838700000006
-23.615111199999998	-46.4178334
-23.6890099	-46.64962020000001
-23.6262088	-46.6667053
-23.7537347	-46.6708924
-23.5118689	-46.4156098
-23.528147	-46.69552879999999
-23.637915600000003	-46.749792
-23.604915899999998	-46.520962899999994
-23.636651899999997	-46.76394819999999
-23.4586975	-46.6965882
-23.520565899999998	-46.3998567
-24.526933399999997	-48.1082112
-23.7034891	-46.6279564
-23.4501861	-46.6848185
-23.4822423	-46.493317299999994
-23.500175199999997	-46.40876979999999
-23.6099845	-46.7055629
-23.497587799999998	-46.6774355
-23.521189	-46.4123914
-23.755372	-46.6592343
-23.4464702	-46.749049600000006
-23.477548000000002	-46.5684592
-23.616901199999997	-46.7231432
-23.6288207	-46.6463032
-23.5364862	-46.4173433
-23.5351193	-46.536968200000004
-23.4620757	-46.6907021
-23.6129326	-46.5228434
-23.5883176	-46.386665
-23.5040965	-46.47065629999999
-23.6910389	-46.640497700000004
-23.504887300000004	-46.4335375
-23.5926128	-46.6713283
-23.465853600000003	-46.6964265
-23.8176066	-46.705345
-23.7469313	-46.7778285
-23.5058803	-46.587990399999995
-23.451435600000003	-46.5725945
-23.4958492	-46.7452875
-23.494106100000003	-46.436422
-23.7189499	-46.7700864
-23.4934962	-46.725177
-23.6986258	-46.7715865
-23.5362328	-46.50338319999999
-23.562712899999998	-46.7516434
-23.5470987	-46.39595739999999
-23.6288207	-46.6463032
-23.5185943	-46.4922721
-23.5540726	-46.46503
-23.4923905	-46.5851658
-23.689124800000002	-46.766121999999996
-23.4546049	-46.6995339
-23.6344474	-46.7770278
-23.4747105	-46.5804149
-23.512391	-46.4091294
-23.5262326	-46.418097100000004
-23.6805646	-46.686512
-23.4703121	-46.7216601
-23.6019748	-46.472024499999996
-23.4925095	-46.4594682
-23.5157185	-46.3977973
-23.530155999999998	-46.3977869
-23.688607	-46.759491
-23.4952933	-46.71256760000001
-23.477222	-46.7112527
-23.7851135	-46.68367429999999
-23.4668961	-46.6807204
-23.523591800000002	-46.508683500000004
-23.657908399999997	-46.756290299999996
-23.487625	-46.71320739999999
-23.6924143	-46.787872899999996
-23.4776598	-46.720994399999995
-23.648489899999998	-46.7539377
-23.773180399999998	-46.7133929
-23.4465182	-46.714503
-23.6990141	-46.780815800000006
-23.5393133	-46.476159
-23.5769067	-46.456292600000005
-23.5946711	-46.7516391
-23.5837914	-46.3930809
-23.604434899999998	-46.65442909999999
-23.731625899999997	-46.7029229
-23.5790988	-46.714953
-23.5271431	-46.527922600000004
-23.5787961	-46.509925
-23.5434289	-46.392388200000006
-23.5594368	-46.460248
-23.682487	-46.657959399999996
-23.486158800000002	-46.459833200000006
-23.6786207	-46.7555327
-23.679552899999997	-46.748988700000005
-23.700374399999998	-46.7907109
-23.6933817	-46.7807543
-23.5634542	-46.396726799999996
-23.4149775	-46.7513499
-23.6087599	-46.39897
-23.671987100000003	-46.7459635
-23.6929205	-46.794497
-23.537253200000002	-46.7224954
-23.4192573	-46.5903814
-23.603779199999998	-46.5960692
-23.5950837	-46.42062070000001
-23.4959822	-46.7501471
-23.673602499999998	-46.6854196
-23.6070013	-46.44460549999999
-23.6165853	-46.7263429
-23.5494203	-46.432926
-23.672239899999997	-46.637519
-23.4790803	-46.4195595
-23.4898583	-46.73835769999999
-23.629338	-46.7547266
-23.7354565	-46.78872459999999
-23.625132	-46.4692235
-23.64286	-46.741453
-23.4393856	-46.7941145
-23.4374352	-46.77878079999999
-23.5723853	-46.3945758
-23.4417309	-46.734212299999996
-23.688231299999998	-46.74808489999999
-23.656157	-46.735580999999996
-23.783437600000003	-46.712428300000006
-23.770876	-46.705722200000004
-23.5537467	-46.444689200000006
-23.5641908	-46.4181196
-23.608209600000002	-46.4501764
-23.6812763	-46.7383655
-23.5178091	-46.5062691
-23.6215369	-46.4573672
-23.5777793	-46.4812593
-23.523816	-46.4473999
-23.5303521	-46.45903320000001
-23.5208112	-46.4640666
-23.6715991	-46.74705529999999
-23.5455579	-46.4155018
-23.5537329	-46.3985834
-23.660130600000002	-46.63701
-23.4686977	-46.6033936
-23.5030847	-46.484074299999996
-23.673816199999997	-46.7561227
-23.5161128	-46.4266133
-23.483822600000003	-46.7031959
-23.5885605	-46.3964948
-23.616267899999997	-46.516682700000004
-23.5804337	-46.40438049999999
-23.555004800000003	-46.4919843
-23.5661598	-46.4087665
-23.656671499999998	-46.741468700000006
-23.671643300000003	-46.772749600000004
-23.4312857	-46.575058500000004
-23.666874	-46.7924898
-23.7171646	-46.765463200000006
-23.5967402	-46.5949857
-23.5088352	-46.3980422
-23.8483668	-46.6970564
-23.5509786	-46.628255100000004
-23.5471595	-46.6365732
-23.7798487	-46.674057899999994
-23.8743323	-46.6489361
-23.6414076	-46.77156179999999
-23.8319419	-46.71193040000001
-23.513849	-46.531837700000004
-23.7880492	-46.7222204
-23.6602133	-46.650443
-23.6547107	-46.78454060000001
-23.4871521	-46.43217749999999
-23.821353	-46.673458000000004
-23.906664399999997	-46.7079458
-23.6221715	-46.745841600000006
-23.840803899999997	-46.734928000000004
-23.663079500000002	-46.762355
-23.6532552	-46.78993320000001
-23.8687296	-46.753003
-23.6579467	-46.7753963
-23.850478600000002	-46.713282899999996
-23.8805586	-46.741558500000004
-23.868738399999998	-46.6782227
-23.491647699999998	-46.504590500000006
-23.5221372	-46.4692967
-23.617095199999998	-46.7181842
-23.774841100000003	-46.7010695
-23.4876566	-46.44915719999999
-23.7639671	-46.707412899999994
-23.455007199999997	-46.7105555
-23.570538	-46.6115553
-23.7099032	-46.71185209999999
-23.5532005	-46.67344629999999
-23.4734032	-46.6840088
-23.5877109	-46.4920295
-23.5709198	-46.5755075
-23.603850199999997	-46.62348799999999
-23.5614377	-46.55281129999999
-23.516268300000004	-46.60536810000001
-23.6785496	-46.644627
-23.5909888	-46.6090233
-23.611491100000002	-46.49400929999999
-23.497078100000003	-46.4402295
-23.453937300000003	-46.682840399999996
-23.4642145	-46.6546145
-23.4312857	-46.787648100000006
-23.5001716	-46.51682659999999
-23.5792987	-46.6748141
-23.7114735	-46.70031780000001
-23.598795000000003	-46.6397055
-23.4489663	-46.5961289
-23.5855969	-46.7323157
-23.6136235	-46.5937525
-23.636989	-46.7795195
-23.683928	-46.759170700000006
-23.6606813	-46.7437523
-23.6695044	-46.7562815
-23.694969699999998	-46.676822200000004
-23.6472033	-46.7568419
-23.526531600000002	-46.5507584
-23.6287645	-46.70774890000001
-23.475279699999998	-46.64171839999999
-23.4686977	-46.6033936
-23.5248373	-46.6517329
-23.566501300000002	-46.3926396
-23.677735100000003	-46.652069700000006
-23.556825699999997	-46.460423999999996
-23.467731399999998	-46.658824200000005
-23.6544837	-46.664039700000004
-23.4351529	-46.72783889999999
-23.678995	-46.6400376
-23.4963539	-46.5683404
-23.6994133	-46.6401396
-23.5532051	-46.51506380000001
-23.613295899999997	-46.6945165
-23.5907988	-46.489472
-23.557891199999997	-46.412954299999996
-23.563712	-46.7438228
-23.492989399999995	-46.6715275
35788	3469	12.956
35788	3889	35.626
35788	3865	35.196
35788	3891	29.56
35788	3866	24.371
35788	3961	6.019
35788	3890	9.745
35788	3887	18.281
35788	3868	27.128
35788	3999	21.88
35788	4709	36.867
35788	5309	28.422
35788	6971	47.361
35788	7015	22.562
35788	6948	15.813
35788	8694	6.02
35788	9368	39.952
35788	9274	17.566
35788	9876	37.677
35788	11000	29.286
35788	11619	24.752
35788	12229	36.008
35788	12730	40.011
35788	13179	22.786
35788	13113	26.069
35788	13252	36.359
35788	13344	28
35788	13260	25.958
35788	13862	26.892
35788	15149	19.388
35788	15095	28.58
35788	15597	33.618
35788	16159	30.469
35788	16742	27.798
35788	16741	9.517
35788	17805	42.372
35788	18346	25.552
35788	18562	21.508
35788	28042	2.253
35788	28123	3.73
35788	28085	24.877
35788	28130	24.332
35788	28067	38.956
35788	28110	23.448
35788	28131	5.386
35788	28088	59.69
35788	28060	24.134
35788	28109	17.737
35788	28070	38.503
35788	28132	10.264
35788	28082	11.591
35788	28089	23.924
35788	28050	27.478
35788	28071	40.468
35788	28064	27.896
35788	28101	34.376
35788	28127	24.88
35788	28102	14.77
35788	28073	38.669
35788	28129	18.774
35788	28046	34.773
35788	28066	22.961
35788	28112	21.592
35788	28069	18.068
35788	28116	44.452
35788	28049	30.124
35788	28041	23.255
35788	28094	18.912
35788	28099	13.947
35788	28048	34.611
35788	28117	22.005
35788	28103	13.686
35788	28058	31.437
35788	28061	22.365
35788	28072	26.198
35788	28111	30.772
35788	28142	25.282
35788	28107	28.017
35788	28044	47.57
35788	28124	26.576
35788	28047	39.242
35788	28143	22.375
35788	28043	3.391
35788	28051	20.613
35788	28040	30.309
35788	28086	42.092
35788	28065	31.111
35788	28566	20.118
35788	28571	18.954
35788	28477	24.079
35788	28476	54.265
35788	28579	25.824
35788	29702	52.912
35788	29777	26.846
35788	32097	30.143
35788	32093	17.176
35788	32096	29.683
35788	32094	38.332
35788	32095	16.197
35788	32091	32.652
35788	32090	27.598
35788	32098	35.292
35788	32498	37.189
35788	32494	30.242
35788	32873	1.749
35788	32872	1.621
35788	32818	24.995
35788	35729	14.404
35788	35754	22.872
35788	35722	2.287
35788	35870	2.197
35788	36143	32.261
35788	38295	46.652
35788	38389	53.73
35788	38252	23.957
35788	38064	54.008
35788	38062	9.497
35788	38049	38.652
35788	38063	23.506
35788	38058	31.394
35788	38061	18.493
35788	38249	17.478
35788	38052	30.912
35788	38236	21.754
35788	38060	37.299
35788	38067	30.1
35788	38287	52.067
35788	38111	7.805
35788	38297	4.896
35788	38053	34.33
35788	38250	13.421
35788	38065	25.577
35788	38051	-1
35788	38050	28.542
35788	38069	28.14
35788	38059	45.633
35788	38245	37.975
35788	38395	22.918
35788	38066	26.223
35788	38386	63.553
35788	38604	20.897
35788	38483	38.353
35788	38642	37.026
35788	38552	49.397
35788	38513	27.273
35788	38643	48.294
35788	38573	39.21
35788	38646	41.618
35788	38459	32.215
35788	38603	36.749
35788	38486	45.695
35788	38554	34.723
35788	38644	25.83
35788	38602	15.901
35788	38453	49.603
35788	38484	14.577
35788	42788	21.997
35788	42786	36.219
35788	42783	27.721
35788	42780	21.666
35788	42790	25.713
35788	42778	1.768
35788	42784	50.501
35788	42787	14.507
35788	42781	37.548
35788	42779	22.789
35788	42785	22.365
35788	42789	33.638
35788	42782	34.558
35788	43146	31.932
35788	43087	19.471
35788	43120	25.137
35788	43046	15.314
35788	43011	34.368
35788	43007	15.946
35788	43102	20.14
35788	43153	7.245
35788	43021	34.759
35788	43031	40.679
35788	43125	17.679
35788	43145	31.498
35788	43113	43.323
35788	43135	36.88
35788	43154	37.902
35788	43137	34.497
35788	43008	37.494
35788	43059	38.303
35788	43022	35.709
35788	43064	39.608
35788	43060	36.79
35788	43126	5.056
35788	43117	16.708
35788	43123	51.808
35788	43134	27.358
35788	43050	15.475
35788	43127	30.939
35788	43133	21.669
35788	43094	25.02
35788	42853	9.25
35788	43111	7.857
35788	43131	31.285
35788	43115	25.038
35788	43121	37.139
35788	43068	1.038
35788	43152	26.48
35788	43029	16.255
35788	43142	32.718
35788	43083	29.393
35788	43088	31.886
35788	43028	37.618
35788	43020	16.463
35788	43104	11.349
35788	43122	40.813
35788	43078	12.675
35788	43036	5.066
35788	43114	27.295
35788	43116	1.27
35788	43092	28.832
35788	43034	38.969
35788	43095	23.205
35788	43009	36.16
35788	43084	10.982
35788	43042	13.517
35788	43147	15.151
35788	43067	32.183
35788	43148	33.12
35788	43030	34.703
35788	43129	29.377
35788	43027	32.059
35788	43076	27.163
35788	43019	30.45
35788	43057	16.215
35788	43124	25.743
35788	43110	27.928
35788	43072	51.687
35788	43063	52.838
35788	42924	36.317
35788	43109	43.887
35788	43081	17.982
35788	43054	15.99
35788	42925	36.995
35788	43075	24.132
35788	43090	2.556
35788	43099	34.636
35788	43139	2.658
35788	43035	9.007
35788	43044	13.248
35788	43096	52.796
35788	43149	22.002
35788	43089	13.247
35788	43100	23.075
35788	43012	16.301
35788	43150	36.142
35788	43023	43.197
35788	43079	241.075
35788	43077	6.103
35788	43070	39.428
35788	43056	39.25
35788	43066	51.17
35788	43098	13.647
35788	43005	32.815
35788	43062	52.477
35788	43024	14.349
35788	42926	38.187
35788	43103	34.76
35788	43085	15.821
35788	43091	8.492
35788	43038	41.529
35788	43118	28.674
35788	43047	35.867
35788	43033	22.163
35788	43071	39.307
35788	43112	47.753
35788	43013	3.698
35788	43017	48.869
35788	43141	13.839
35788	43051	35.156
35788	43065	21.205
35788	43032	22.846
35788	43052	30.437
35788	43132	37.655
35788	43136	29.974
35788	43086	47.637
35788	43037	19.857
35788	43015	32.829
35788	43058	17.229
35788	43018	32.836
35788	43101	25.497
35788	43045	42.185
35788	43080	8.492
35788	42927	37.629
35788	43016	37.155
35788	43138	29.263
35788	43108	15.439
35788	43106	36.601
35788	42923	17.335
35788	43069	30.688
35788	43040	52.562
35788	43061	42.768
35788	43119	3.449
35788	43025	34.582
35788	43043	28.165
35788	43107	46.179
35788	43073	53.964
35788	42854	42.078
35788	43055	14.396
35788	43082	31.077
35788	43151	33.155
35788	43156	16.239
35788	43143	36.763
35788	43130	35.92
35788	43097	15.411
35788	43144	31.82
35788	43048	17.214
35788	43041	33.602
35788	43155	13.725
35788	43039	14.86
35788	43026	44.771
35788	43093	16.796
35788	43006	35.38
35788	43049	34.493
35788	43053	18.577
35788	43010	37.61
35788	43105	11.385
35788	43074	9.45
35788	43014	18.506
35788	43128	34.674
35788	43140	27.602
35788	43378	42.91
35788	43319	36.684
35788	43530	0.826
35788	43282	45.633
35788	43298	12.899
35788	43275	12.416
35788	43491	18.37
35788	43309	16.171
35788	43314	39.389
35788	43555	41.656
35788	43560	38.096
35788	43274	11.594
35788	43997	21.969
35788	43893	21.218
35788	43713	43.572
35788	43763	21.412
35788	43631	33.494
35788	43847	30.87
35788	43833	4.001
35788	43630	32.095
35788	44254	15.385
35788	44398	37.898
35788	44059	5.285
35788	44397	48.391
35788	44072	30.246
35788	44253	15.187
35788	44092	21.119
35788	44395	26.465
35788	44394	12.103
35788	44018	44.036
35788	44019	39.899
35788	44027	39.396
35788	44071	39.213
35788	44396	13.344
35788	44028	12.465
35788	44041	16.258
35788	44285	13.975
35788	44399	36.297
35788	44073	37.163
35788	44074	30.942
35788	44417	12.11
35788	44405	35.901
35788	44411	47.143
35788	44415	33.419
35788	44419	50.867
35788	44408	49.364
35788	44414	49.437
35788	44410	11.728
35788	44407	40.205
35788	44409	40.368
35788	44558	5.662
35788	44404	30.066
35788	44406	38.549
35788	44413	13.278
35788	44418	50.425
35788	44403	32.78
35788	44420	36.954
35788	44421	23.213
35788	44416	36.556
35788	44412	38.319
35788	44402	38.204
35788	44522	13.131
35788	45028	15.462
35788	44973	41.592
35788	44972	18.765
35788	45071	19.866
35788	44846	21.783
35788	45436	52.913
35788	45258	25.043
35788	45217	19.001
35788	45310	19.749
35788	45441	15.752
35788	45515	32.29
35788	45287	16.516
35788	45517	24.071
35788	45365	33.222
35788	45518	18.497
35788	45339	4.195
35788	45556	18.291
35788	45443	47.385
35788	45309	20.62
35788	45520	36.364
35788	45512	15.329
35788	45522	23.464
35788	45232	16.115
35788	45366	18.89
35788	45516	28.331
35788	45575	16.675
35788	45519	25.309
35788	45257	30.202
35788	45521	28.48
35788	45823	37.388
35788	45602	49.942
35788	45783	14.689
35788	46119	13.786
35788	46188	45.206
35788	46354	12.662
35788	46194	36.186
35788	46512	21.193
35788	46500	8.462
35788	46567	19.684
35788	47567	35.322
35788	47514	29.884
35788	47515	24.444
35788	47565	17.479
35788	47569	28.391
35788	47570	25.63
35788	47566	2.84
35788	47568	22.759
35788	47919	28.017
35788	47916	47.539
35788	47880	39.094
35788	47921	37.895
35788	47920	42.372
35788	47918	36.008
35788	47674	16.624
35788	47964	6.948
35788	47850	13.475
35788	47923	32.272
35788	47925	20.793
35788	47915	20.14
35788	47647	17.601
35788	47678	13.835
35788	47914	13.765
35788	47980	13.925
35788	47913	2.73
35788	47657	13.94
35788	47803	30.686
35788	47673	12.913
35788	47922	29.56
35788	47924	30.066
35788	47865	23.752
35788	47917	39.768
35788	48063	1.749
35788	48137	36.975
35788	48186	37.24
35788	48660	4.67
35788	48541	43.419
35788	48633	5.052
35788	49473	31.6
35788	49313	3.885
35788	49059	35.984
35788	49153	10.703
35788	50966	29.304
35788	50604	38.237
35788	50448	22.09
35788	1633	33.882
