476	226100
-23.7692218	-46.6986378
-23.4613107	-46.7050152
-23.562638600000003	-46.4924293
-23.475279699999998	-46.64171839999999
-23.553746899999997	-46.5799659
-23.7148062	-46.687261
-23.7439673	-46.7035484
-23.642293399999996	-46.7808237
-23.505215300000003	-46.670571200000005
-23.596661899999997	-46.592506
-23.461758	-46.67329669999999
-23.59926	-46.48333220000001
-23.508047	-46.463784999999994
-23.6173747	-46.5075657
-23.633556600000002	-46.6125815
-23.6524292	-46.6379878
-23.4316755	-46.781722200000004
-23.5980545	-46.734665500000006
-23.5022036	-46.493882799999994
-23.4623178	-46.6296539
-23.588589199999998	-46.5602034
-23.5001716	-46.51682659999999
-23.545006	-46.486847
-23.605091100000003	-46.555048600000006
-23.584770000000002	-46.7909549
-23.476943600000002	-46.659091100000005
-23.5733437	-46.51583970000001
-23.514091	-46.746573600000005
-23.5926537	-46.78364029999999
-23.675942300000003	-46.792129700000004
-23.600726	-46.795369
-23.537767600000002	-46.4918694
-23.4649947	-46.6048435
-23.5700464	-46.5346103
-23.742701899999997	-46.686249100000005
-23.4312857	-46.787648100000006
-23.575964000000003	-46.7752597
-23.538498800000003	-46.689203899999995
-23.673062100000003	-46.649359600000004
-23.664036	-46.64544249999999
-23.6010052	-46.508021
-23.5920172	-46.5163348
-23.534011	-46.442704
-23.6038842	-46.532566100000004
-23.6483225	-46.66217169999999
-23.4849662	-46.34947329999999
-23.5896451	-46.5348143
-23.6611996	-46.786255100000005
-23.5406005	-46.4393013
-23.6573493	-46.6142714
-23.6492784	-46.610417
-23.543776	-46.744808899999995
-23.6265135	-46.463716399999996
-23.5273652	-46.4356029
-23.486717199999998	-46.6553196
-23.5234676	-46.5263225
-23.59393	-46.511768100000005
-23.665628100000003	-46.7629059
-23.552438100000003	-46.4875654
-23.6192424	-46.586948
-23.497513199999997	-46.530339
-23.5254174	-46.651586200000004
-23.526245	-46.64185699999999
-23.5696198	-46.6235888
-23.3999249	-46.7510521
-23.4777755	-46.5879396
-23.623600500000002	-46.4931968
-23.5569779	-46.6419089
-23.634695100000002	-46.7557907
-23.553051	-46.524581
-23.525999399999996	-46.62105469999999
-23.7696124	-46.6846632
-23.596712300000004	-46.4400751
-23.8294076	-46.7271197
-23.497700899999998	-46.6549657
-23.5900703	-46.4999829
-23.5964669	-46.5675552
-23.611491100000002	-46.49400929999999
-23.5025625	-46.4500403
-23.584112	-46.516525200000004
-23.5301733	-46.479950099999996
-23.6212232	-46.509203899999996
-23.6620771	-46.6696664
-23.730154000000002	-46.788790000000006
-23.594972199999997	-46.448771
-23.4095797	-46.7572385
-23.4933297	-46.7009633
-23.5770512	-46.7344906
-23.7146759	-46.7776059
-23.5036628	-46.6314982
-23.4949963	-46.38007229999999
-23.5795832	-46.528333399999994
-23.5304125	-46.42163239999999
-23.549223899999998	-46.56103220000001
-23.598771300000003	-46.495013
-23.5627032	-46.6492443
-23.6324091	-46.442922100000004
-23.4620523	-46.6510067
-23.6791553	-46.779512100000005
-23.603734399999997	-46.429937
-23.489500699999997	-46.66453320000001
-23.4818082	-46.667012899999996
-23.465073800000003	-46.661776
-23.5119775	-46.565870600000004
-23.677735100000003	-46.652069700000006
-23.6744815	-46.6659658
-23.6058427	-46.5033451
-23.6856033	-46.6614845
-23.744987100000003	-46.6688972
-23.5822951	-46.582716
-23.696527399999997	-46.6629361
-23.6875817	-46.656961200000005
-23.449079100000002	-46.59643699999999
-23.5009685	-46.462325899999996
-23.504260100000003	-46.3854192
-23.616484399999997	-46.4958125
-23.5115075	-46.3844534
-23.6192504	-46.6870232
-23.542674899999998	-46.43108050000001
-23.5317711	-46.720518799999994
-23.449117899999997	-46.6101824
-23.7923543	-46.7386132
-23.6127322	-46.6162809
-23.595907699999998	-46.5002225
-23.5510579	-46.5982348
-23.6032036	-46.40354689999999
-23.4606901	-46.6227544
-23.494482	-46.4005343
-23.6479362	-46.63833349999999
-23.6536227	-46.652257899999995
-23.4820294	-46.6786015
-23.638505	-46.6060326
-23.4943794	-46.637310299999996
34.4208305	-119.69819009999999
-23.616898199999998	-46.456936999999996
-23.499852399999998	-46.5904286
-23.486158800000002	-46.459833200000006
-23.461010199999997	-46.583310600000004
-23.5962688	-46.5462835
-23.504897500000002	-46.6594021
-23.505569899999998	-46.3666304
-23.7332873	-46.7834367
-23.513748	-46.4829339
-23.4467938	-46.753799
-23.5151358	-46.43300670000001
-23.498638699999997	-46.59683820000001
-23.5103129	-46.4464014
-23.4897451	-46.4915098
-23.435900600000004	-46.5807948
-23.4925308	-46.573097499999996
-23.551083300000002	-46.505941
-23.488993	-46.476532
-23.4862826	-46.5768925
-23.5093563	-46.6641566
-23.6835438	-46.775461299999996
-23.492223199999998	-46.4159711
-23.6307902	-46.62566899999999
-23.532037600000002	-46.6523697
-23.560184500000002	-46.5101297
-23.475870899999997	-46.6304113
-23.5381787	-46.612041999999995
-23.573782	-46.5593139
-23.6741311	-46.65957230000001
-23.5394751	-46.455195
-23.587430800000003	-46.6852683
-23.5231609	-46.4904707
-23.5374907	-46.595440999999994
-23.5998592	-46.5399968
-23.546588	-46.5319789
-23.5053517	-46.5209756
-23.482301500000002	-46.7470085
-23.5537496	-46.6910563
-23.5872032	-46.770333
-23.654064	-46.757468700000004
-23.4708759	-46.69199940000001
-23.6980537	-46.760393799999996
-23.6136235	-46.5937525
-23.6830009	-46.7115453
-23.512776000000002	-46.5138867
-23.543558100000002	-46.4094614
-23.629596499999998	-46.6049193
-23.5024688	-46.7611498
-23.4356435	-46.7180836
-23.455533	-46.71653509999999
-23.5605659	-46.423367799999994
-23.536713600000002	-46.527623999999996
-23.546647	-46.5003237
-23.452660100000003	-46.7309598
-23.5767171	-46.411556299999994
-23.5295429	-46.476192700000006
-23.5095558	-46.4970669
-23.7029949	-46.6358951
-23.633648	-46.589042
-23.5023707	-46.42256649999999
-23.493586899999997	-46.600653799999996
-23.692373899999996	-46.7574551
-23.4906455	-46.591483700000005
-23.532007800000002	-46.70109799999999
-23.610337899999998	-46.5094928
-23.6353546	-46.6991085
-23.647620899999996	-46.7017643
-23.5377509	-46.514444700000006
-23.529626	-46.67770360000001
-23.5498029	-46.448725399999994
-23.6824443	-46.6680309
-23.8540253	-46.7082778
-23.7323046	-46.660217200000005
-23.494543300000004	-46.6852655
-23.5915065	-46.4859133
-23.4890102	-46.7593497
-23.5977406	-46.3915711
-23.6462668	-46.7725291
-23.743203899999997	-46.711250899999996
-23.5372741	-46.40504979999999
-23.6448973	-46.59318349999999
-23.7106496	-46.65329209999999
-23.5140031	-46.719954200000004
-23.6909981	-46.6701895
-23.517538100000003	-46.5766328
-23.452653100000003	-46.585728
-23.615462899999997	-46.510587799999996
-23.4703738	-46.6739437
-23.6654027	-46.7357567
-23.678639399999998	-46.762637700000006
-23.6174452	-46.7457553
-23.572374	-46.503646200000006
-23.4767758	-46.703439
-23.5840956	-46.448913899999994
-23.5675456	-46.547269899999996
-23.5109607	-46.550818400000004
-23.6154435	-46.4880035
-23.61324	-46.4527789
-23.6557057	-46.771094700000006
-23.5622116	-46.7645351
-23.631319199999997	-46.458017600000005
-23.50466	-46.4101961
-23.4857544	-46.39402329999999
-23.5869799	-46.406795200000005
-23.5211862	-46.3887831
-23.6123592	-46.60379959999999
-23.6714841	-46.7795974
-23.5623918	-46.4573151
-23.572761399999997	-46.76103079999999
-23.6971785	-46.648838700000006
-23.615111199999998	-46.4178334
-23.6890099	-46.64962020000001
-23.6262088	-46.6667053
-23.7537347	-46.6708924
-23.5118689	-46.4156098
-23.528147	-46.69552879999999
-23.637915600000003	-46.749792
-23.604915899999998	-46.520962899999994
-23.636651899999997	-46.76394819999999
-23.4586975	-46.6965882
-23.520565899999998	-46.3998567
-24.526933399999997	-48.1082112
-23.7034891	-46.6279564
-23.4501861	-46.6848185
-23.4822423	-46.493317299999994
-23.500175199999997	-46.40876979999999
-23.6099845	-46.7055629
-23.497587799999998	-46.6774355
-23.521189	-46.4123914
-23.755372	-46.6592343
-23.4464702	-46.749049600000006
-23.477548000000002	-46.5684592
-23.616901199999997	-46.7231432
-23.6288207	-46.6463032
-23.5364862	-46.4173433
-23.5351193	-46.536968200000004
-23.4620757	-46.6907021
-23.6129326	-46.5228434
-23.5883176	-46.386665
-23.5040965	-46.47065629999999
-23.6910389	-46.640497700000004
-23.504887300000004	-46.4335375
-23.5926128	-46.6713283
-23.465853600000003	-46.6964265
-23.8176066	-46.705345
-23.7469313	-46.7778285
-23.5058803	-46.587990399999995
-23.451435600000003	-46.5725945
-23.4958492	-46.7452875
-23.494106100000003	-46.436422
-23.7189499	-46.7700864
-23.4934962	-46.725177
-23.6986258	-46.7715865
-23.5362328	-46.50338319999999
-23.562712899999998	-46.7516434
-23.5470987	-46.39595739999999
-23.6288207	-46.6463032
-23.5185943	-46.4922721
-23.5540726	-46.46503
-23.4923905	-46.5851658
-23.689124800000002	-46.766121999999996
-23.4546049	-46.6995339
-23.6344474	-46.7770278
-23.4747105	-46.5804149
-23.512391	-46.4091294
-23.5262326	-46.418097100000004
-23.6805646	-46.686512
-23.4703121	-46.7216601
-23.6019748	-46.472024499999996
-23.4925095	-46.4594682
-23.5157185	-46.3977973
-23.530155999999998	-46.3977869
-23.688607	-46.759491
-23.4952933	-46.71256760000001
-23.477222	-46.7112527
-23.7851135	-46.68367429999999
-23.4668961	-46.6807204
-23.523591800000002	-46.508683500000004
-23.657908399999997	-46.756290299999996
-23.487625	-46.71320739999999
-23.6924143	-46.787872899999996
-23.4776598	-46.720994399999995
-23.648489899999998	-46.7539377
-23.773180399999998	-46.7133929
-23.4465182	-46.714503
-23.6990141	-46.780815800000006
-23.5393133	-46.476159
-23.5769067	-46.456292600000005
-23.5946711	-46.7516391
-23.5837914	-46.3930809
-23.604434899999998	-46.65442909999999
-23.731625899999997	-46.7029229
-23.5790988	-46.714953
-23.5271431	-46.527922600000004
-23.5787961	-46.509925
-23.5434289	-46.392388200000006
-23.5594368	-46.460248
-23.682487	-46.657959399999996
-23.486158800000002	-46.459833200000006
-23.6786207	-46.7555327
-23.679552899999997	-46.748988700000005
-23.700374399999998	-46.7907109
-23.6933817	-46.7807543
-23.5634542	-46.396726799999996
-23.4149775	-46.7513499
-23.6087599	-46.39897
-23.671987100000003	-46.7459635
-23.6929205	-46.794497
-23.537253200000002	-46.7224954
-23.4192573	-46.5903814
-23.603779199999998	-46.5960692
-23.5950837	-46.42062070000001
-23.4959822	-46.7501471
-23.673602499999998	-46.6854196
-23.6070013	-46.44460549999999
-23.6165853	-46.7263429
-23.5494203	-46.432926
-23.672239899999997	-46.637519
-23.4790803	-46.4195595
-23.4898583	-46.73835769999999
-23.629338	-46.7547266
-23.7354565	-46.78872459999999
-23.625132	-46.4692235
-23.64286	-46.741453
-23.4393856	-46.7941145
-23.4374352	-46.77878079999999
-23.5723853	-46.3945758
-23.4417309	-46.734212299999996
-23.688231299999998	-46.74808489999999
-23.656157	-46.735580999999996
-23.783437600000003	-46.712428300000006
-23.770876	-46.705722200000004
-23.5537467	-46.444689200000006
-23.5641908	-46.4181196
-23.608209600000002	-46.4501764
-23.6812763	-46.7383655
-23.5178091	-46.5062691
-23.6215369	-46.4573672
-23.5777793	-46.4812593
-23.523816	-46.4473999
-23.5303521	-46.45903320000001
-23.5208112	-46.4640666
-23.6715991	-46.74705529999999
-23.5455579	-46.4155018
-23.5537329	-46.3985834
-23.660130600000002	-46.63701
-23.4686977	-46.6033936
-23.5030847	-46.484074299999996
-23.673816199999997	-46.7561227
-23.5161128	-46.4266133
-23.483822600000003	-46.7031959
-23.5885605	-46.3964948
-23.616267899999997	-46.516682700000004
-23.5804337	-46.40438049999999
-23.555004800000003	-46.4919843
-23.5661598	-46.4087665
-23.656671499999998	-46.741468700000006
-23.671643300000003	-46.772749600000004
-23.4312857	-46.575058500000004
-23.666874	-46.7924898
-23.7171646	-46.765463200000006
-23.5967402	-46.5949857
-23.5088352	-46.3980422
-23.8483668	-46.6970564
-23.5509786	-46.628255100000004
-23.5471595	-46.6365732
-23.7798487	-46.674057899999994
-23.8743323	-46.6489361
-23.6414076	-46.77156179999999
-23.8319419	-46.71193040000001
-23.513849	-46.531837700000004
-23.7880492	-46.7222204
-23.6602133	-46.650443
-23.6547107	-46.78454060000001
-23.4871521	-46.43217749999999
-23.821353	-46.673458000000004
-23.906664399999997	-46.7079458
-23.6221715	-46.745841600000006
-23.840803899999997	-46.734928000000004
-23.663079500000002	-46.762355
-23.6532552	-46.78993320000001
-23.8687296	-46.753003
-23.6579467	-46.7753963
-23.850478600000002	-46.713282899999996
-23.8805586	-46.741558500000004
-23.868738399999998	-46.6782227
-23.491647699999998	-46.504590500000006
-23.5221372	-46.4692967
-23.617095199999998	-46.7181842
-23.774841100000003	-46.7010695
-23.4876566	-46.44915719999999
-23.7639671	-46.707412899999994
-23.455007199999997	-46.7105555
-23.570538	-46.6115553
-23.7099032	-46.71185209999999
-23.5532005	-46.67344629999999
-23.4734032	-46.6840088
-23.5877109	-46.4920295
-23.5709198	-46.5755075
-23.603850199999997	-46.62348799999999
-23.5614377	-46.55281129999999
-23.516268300000004	-46.60536810000001
-23.6785496	-46.644627
-23.5909888	-46.6090233
-23.611491100000002	-46.49400929999999
-23.497078100000003	-46.4402295
-23.453937300000003	-46.682840399999996
-23.4642145	-46.6546145
-23.4312857	-46.787648100000006
-23.5001716	-46.51682659999999
-23.5792987	-46.6748141
-23.7114735	-46.70031780000001
-23.598795000000003	-46.6397055
-23.4489663	-46.5961289
-23.5855969	-46.7323157
-23.6136235	-46.5937525
-23.636989	-46.7795195
-23.683928	-46.759170700000006
-23.6606813	-46.7437523
-23.6695044	-46.7562815
-23.694969699999998	-46.676822200000004
-23.6472033	-46.7568419
-23.526531600000002	-46.5507584
-23.6287645	-46.70774890000001
-23.475279699999998	-46.64171839999999
-23.4686977	-46.6033936
-23.5248373	-46.6517329
-23.566501300000002	-46.3926396
-23.677735100000003	-46.652069700000006
-23.556825699999997	-46.460423999999996
-23.467731399999998	-46.658824200000005
-23.6544837	-46.664039700000004
-23.4351529	-46.72783889999999
-23.678995	-46.6400376
-23.4963539	-46.5683404
-23.6994133	-46.6401396
-23.5532051	-46.51506380000001
-23.613295899999997	-46.6945165
-23.5907988	-46.489472
-23.557891199999997	-46.412954299999996
-23.563712	-46.7438228
-23.492989399999995	-46.6715275
16741	3469	5.147
16741	3889	43.145
16741	3865	61.985
16741	3891	47.053
16741	3866	32.072
16741	3961	4.02
16741	3890	3.195
16741	3887	22.083
16741	3868	41.561
16741	3999	26.965
16741	4709	44.386
16741	5309	36.91
16741	6971	69.838
16741	7015	31.05
16741	6948	23.492
16741	8694	20.062
16741	9368	47.471
16741	9274	21.368
16741	9876	60.154
16741	11000	49.205
16741	11619	32.103
16741	12229	58.485
16741	12730	62.488
16741	13179	31.274
16741	13113	33.588
16741	13252	43.878
16741	13344	60.492
16741	13260	33.478
16741	13862	34.411
16741	15149	20.005
16741	15095	36.1
16741	15597	61.025
16741	16159	38.17
16741	16742	57.588
16741	17805	49.892
16741	18346	33.071
16741	18562	29.027
16741	28042	15.033
16741	28123	15.178
16741	28085	33.365
16741	28130	32.82
16741	28067	74.374
16741	28110	31.937
16741	28131	14.1
16741	28088	82.167
16741	28060	32.622
16741	28109	18.968
16741	28070	74.666
16741	28132	18.752
16741	28082	20.079
16741	28089	31.443
16741	28050	35.966
16741	28071	74.326
16741	28064	44.945
16741	28101	56.853
16741	28127	33.368
16741	28102	16.912
16741	28073	61.146
16741	28129	26.691
16741	28046	57.251
16741	28066	42.9
16741	28112	29.294
16741	28069	25.769
16741	28116	51.971
16741	28049	53.492
16741	28041	31.744
16741	28094	26.613
16741	28099	17.749
16741	28048	57.088
16741	28117	29.706
16741	28103	5.878
16741	28058	39.926
16741	28061	15.294
16741	28072	44.676
16741	28111	62.592
16741	28142	31.25
16741	28107	36.505
16741	28044	70.047
16741	28124	35.065
16741	28047	61.72
16741	28143	30.863
16741	28043	12.144
16741	28051	22.756
16741	28040	38.797
16741	28086	49.611
16741	28065	38.63
16741	28566	27.637
16741	28571	21.096
16741	28477	46.735
16741	28476	76.743
16741	28579	58.323
16741	29702	75.389
16741	29777	34.547
16741	32097	38.631
16741	32093	24.878
16741	32096	50.946
16741	32094	45.851
16741	32095	18.34
16741	32091	41.14
16741	32090	44.503
16741	32098	42.812
16741	32498	44.708
16741	32494	52.719
16741	32873	11.397
16741	32872	11.938
16741	32818	33.483
16741	35788	9.957
16741	35729	5.24
16741	35754	29.648
16741	35722	8.399
16741	35870	9.872
16741	36143	54.917
16741	38295	69.129
16741	38389	76.207
16741	38252	32.445
16741	38064	76.486
16741	38062	19.833
16741	38049	75.802
16741	38063	31.025
16741	38058	54.051
16741	38061	11.422
16741	38249	24.96
16741	38052	63.352
16741	38236	29.455
16741	38060	45.788
16741	38067	52.756
16741	38287	74.544
16741	38111	19.998
16741	38297	15.347
16741	38053	41.85
16741	38250	24.796
16741	38065	48.233
16741	38051	-1
16741	38050	52.469
16741	38069	52.018
16741	38059	68.11
16741	38245	60.452
16741	38395	31.406
16741	38066	42.447
16741	38386	86.031
16741	38604	23.04
16741	38483	60.83
16741	38642	44.545
16741	38552	71.874
16741	38513	50.641
16741	38643	70.771
16741	38573	61.687
16741	38646	64.095
16741	38459	54.692
16741	38603	59.226
16741	38486	68.172
16741	38554	57.2
16741	38644	41.593
16741	38602	18.043
16741	38453	72.08
16741	38484	21.574
16741	42788	32.108
16741	42786	58.696
16741	42783	50.377
16741	42780	29.368
16741	42790	32.489
16741	42778	12.993
16741	42784	72.978
16741	42787	22.026
16741	42781	60.025
16741	42779	30.49
16741	42785	30.853
16741	42789	56.116
16741	42782	57.035
16741	43146	39.451
16741	43087	26.991
16741	43120	32.656
16741	43046	19.117
16741	43011	41.888
16741	43007	18.088
16741	43102	25.842
16741	43153	8.925
16741	43021	57.236
16741	43031	76.901
16741	43125	24.455
16741	43145	39.018
16741	43113	50.842
16741	43135	44.399
16741	43154	46.39
16741	43137	56.975
16741	43008	59.971
16741	43059	45.822
16741	43022	44.197
16741	43064	62.085
16741	43060	59.267
16741	43126	12.731
16741	43117	25.196
16741	43123	74.285
16741	43134	49.966
16741	43050	17.617
16741	43127	52.348
16741	43133	29.188
16741	43094	33.508
16741	42853	17.979
16741	43111	13.219
16741	43131	58.692
16741	43115	30.31
16741	43121	74.307
16741	43068	11.471
16741	43152	19.41
16741	43029	7.092
16741	43142	40.237
16741	43083	37.881
16741	43088	39.405
16741	43028	46.107
16741	43020	20.265
16741	43104	5.648
16741	43122	77.031
16741	43078	21.164
16741	43036	12.742
16741	43114	34.814
16741	43116	8.06
16741	43092	51.31
16741	43034	61.446
16741	43095	31.693
16741	43009	43.679
16741	43084	13.125
16741	43042	15.659
16741	43147	18.954
16741	43067	61.193
16741	43148	40.639
16741	43030	57.984
16741	43129	56.21
16741	43027	54.536
16741	43076	35.652
16741	43019	53.067
16741	43057	20.017
16741	43124	33.262
16741	43110	36.417
16741	43072	74.164
16741	43063	75.315
16741	42924	44.805
16741	43109	77.376
16741	43081	24.758
16741	43054	18.133
16741	42925	66.902
16741	43075	31.651
16741	43090	10.231
16741	43099	43.124
16741	43139	10.687
16741	43035	16.703
16741	43044	4.084
16741	43096	75.274
16741	43149	29.521
16741	43089	17.049
16741	43100	36.767
16741	43012	20.103
16741	43150	43.661
16741	43023	76.457
16741	43079	244.877
16741	43077	13.778
16741	43070	46.948
16741	43056	61.727
16741	43066	73.647
16741	43098	20.374
16741	43005	40.334
16741	43062	74.955
16741	43024	5.185
16741	42926	45.706
16741	43103	57.237
16741	43085	19.624
16741	43091	19.618
16741	43038	75.629
16741	43118	55.709
16741	43047	43.386
16741	43033	30.651
16741	43071	47.795
16741	43112	70.23
16741	43013	11.373
16741	43017	71.346
16741	43141	23.617
16741	43051	42.676
16741	43065	15.362
16741	43032	24.988
16741	43052	51.932
16741	43132	60.132
16741	43136	37.493
16741	43086	70.115
16741	43037	21.999
16741	43015	40.349
16741	43058	19.371
16741	43018	60.243
16741	43101	33.016
16741	43045	78.406
16741	43080	19.618
16741	42927	60.106
16741	43016	63.736
16741	43138	53.464
16741	43108	17.582
16741	43106	44.121
16741	42923	21.137
16741	43069	58.523
16741	43040	75.04
16741	43061	74.291
16741	43119	9.324
16741	43025	42.101
16741	43043	36.653
16741	43107	68.656
16741	43073	76.441
16741	42854	77.865
16741	43055	16.539
16741	43082	38.596
16741	43151	40.674
16741	43156	8.431
16741	43143	44.282
16741	43130	58.398
16741	43097	19.213
16741	43144	39.34
16741	43048	19.357
16741	43041	41.121
16741	43155	17.527
16741	43039	7.156
16741	43026	52.291
16741	43093	18.939
16741	43006	62.788
16741	43049	42.981
16741	43053	22.38
16741	43010	46.099
16741	43105	19.086
16741	43074	3.607
16741	43014	26.026
16741	43128	57.151
16741	43140	61.538
16741	43378	77.884
16741	43319	45.172
16741	43530	10.488
16741	43282	68.11
16741	43298	15.041
16741	43275	14.558
16741	43491	20.513
16741	43309	18.313
16741	43314	47.877
16741	43555	49.176
16741	43560	46.584
16741	43274	13.736
16741	43997	22.586
16741	43893	28.737
16741	43713	66.049
16741	43763	26.497
16741	43631	41.983
16741	43847	38.389
16741	43833	9.709
16741	43630	55.708
16741	44254	19.187
16741	44398	75.511
16741	44059	16.139
16741	44397	70.869
16741	44072	37.766
16741	44253	18.989
16741	44092	23.262
16741	44395	34.953
16741	44394	15.905
16741	44018	51.555
16741	44019	47.418
16741	44027	47.884
16741	44071	46.732
16741	44396	15.486
16741	44028	16.267
16741	44041	10.416
16741	44285	6.167
16741	44399	74.744
16741	44073	45.651
16741	44074	39.43
16741	44417	14.252
16741	44405	58.378
16741	44411	52.201
16741	44415	63.327
16741	44419	73.344
16741	44408	71.841
16741	44414	71.914
16741	44410	13.871
16741	44407	77.955
16741	44409	48.856
16741	44558	16.516
16741	44404	37.768
16741	44406	61.027
16741	44413	15.42
16741	44418	72.902
16741	44403	40.299
16741	44420	45.442
16741	44421	31.701
16741	44416	45.045
16741	44412	60.796
16741	44402	46.692
16741	44522	16.934
16741	45028	17.797
16741	44973	64.069
16741	44972	19.886
16741	45071	22.008
16741	44846	26.869
16741	45436	75.39
16741	45258	17.234
16741	45217	26.703
16741	45310	27.45
16741	45441	7.943
16741	45515	24.481
16741	45287	20.318
16741	45517	17.001
16741	45365	55.699
16741	45518	11.427
16741	45339	15.541
16741	45556	19.523
16741	45443	69.862
16741	45309	12.811
16741	45520	29.293
16741	45512	19.131
16741	45522	16.393
16741	45232	17.463
16741	45366	20.122
16741	45516	21.26
16741	45575	20.477
16741	45519	18.239
16741	45257	23.131
16741	45521	20.672
16741	45823	59.865
16741	45602	72.419
16741	45783	21.415
16741	46119	5.977
16741	46188	67.684
16741	46354	4.854
16741	46194	43.705
16741	46512	28.894
16741	46500	6.871
16741	46567	28.465
16741	47567	42.841
16741	47514	38.372
16741	47515	54.29
16741	47565	24.464
16741	47569	36.092
16741	47570	48.131
16741	47566	11.6
16741	47568	25.571
16741	47919	36.505
16741	47916	70.016
16741	47880	46.613
16741	47921	45.414
16741	47920	49.892
16741	47918	58.485
16741	47674	23.757
16741	47964	5.018
16741	47850	21.176
16741	47923	54.928
16741	47925	28.312
16741	47915	25.842
16741	47647	21.403
16741	47678	15.977
16741	47914	17.568
16741	47980	16.067
16741	47913	6.936
16741	47657	17.742
16741	47803	53.164
16741	47673	16.715
16741	47922	47.053
16741	47924	37.768
16741	47865	42.856
16741	47917	48.257
16741	48063	11.397
16741	48137	45.463
16741	48186	44.76
16741	48660	13.384
16741	48541	50.939
16741	48633	15.906
16741	49473	54.078
16741	49313	11.561
16741	49059	58.461
16741	49153	19.698
16741	50966	37.792
16741	50604	46.725
16741	50448	29.61
16741	1633	41.401
17805	3469	48.88
17805	3889	17.556
17805	3865	41.635
17805	3891	26.704
17805	3866	32.033
17805	3961	41.84
17805	3890	46.151
17805	3887	34.747
17805	3868	22.696
17805	3999	39.205
17805	4709	24.037
17805	5309	43.861
17805	6971	49.489
17805	7015	44.504
17805	6948	35.732
17805	8694	34.37
17805	9368	9.254
17805	9274	29.87
17805	9876	39.804
17805	11000	28.856
17805	11619	36.863
17805	12229	38.135
17805	12730	42.139
17805	13179	39.552
17805	13113	24.694
17805	13252	23.529
17805	13344	40.143
17805	13260	14.322
17805	13862	23.6
17805	15149	40.413
17805	15095	22.599
17805	15597	40.676
17805	16159	32.199
17805	16742	37.239
17805	16741	45.962
17805	18346	25.489
17805	18562	21.993
17805	28042	36.772
17805	28123	36.165
17805	28085	43.214
17805	28130	42.123
17805	28067	54.025
17805	28110	40.584
17805	28131	34.09
17805	28088	61.817
17805	28060	40
17805	28109	38.762
17805	28070	54.316
17805	28132	37.594
17805	28082	37.431
17805	28089	17.508
17805	28050	47.907
17805	28071	53.977
17805	28064	24.596
17805	28101	36.504
17805	28127	42.655
17805	28102	37.399
17805	28073	40.797
17805	28129	42.714
17805	28046	36.901
17805	28066	22.55
17805	28112	23.286
17805	28069	30.174
17805	28116	7.532
17805	28049	33.143
17805	28041	45.757
17805	28094	28.551
17805	28099	34.972
17805	28048	36.739
17805	28117	25.26
17805	28103	49.61
17805	28058	49.647
17805	28061	56.836
17805	28072	24.327
17805	28111	42.242
17805	28142	37.487
17805	28107	44.932
17805	28044	49.698
17805	28124	41.698
17805	28047	41.37
17805	28143	44.961
17805	28043	34.642
17805	28051	45.466
17805	28040	48.519
17805	28086	6.141
17805	28065	18.281
17805	28566	25.246
17805	28571	43.814
17805	28477	26.386
17805	28476	56.393
17805	28579	37.973
17805	29702	55.04
17805	29777	33.765
17805	32097	43.686
17805	32093	30.485
17805	32096	54.574
17805	32094	25.502
17805	32095	39.561
17805	32091	50.862
17805	32090	24.153
17805	32098	22.462
17805	32498	24.359
17805	32494	32.37
17805	32873	37.205
17805	32872	36.327
17805	32818	44.149
17805	35788	37.882
17805	35729	50.328
17805	35754	35.954
17805	35722	41.507
17805	35870	40.107
17805	36143	34.568
17805	38295	48.779
17805	38389	55.858
17805	38252	44.795
17805	38064	56.136
17805	38062	28.695
17805	38049	55.453
17805	38063	15.97
17805	38058	33.701
17805	38061	52.964
17805	38249	37.2
17805	38052	43.003
17805	38236	29.845
17805	38060	55.509
17805	38067	32.406
17805	38287	54.195
17805	38111	35.851
17805	38297	34.994
17805	38053	21.5
17805	38250	37.035
17805	38065	27.883
17805	38051	-1
17805	38050	49.86
17805	38069	31.669
17805	38059	47.761
17805	38245	40.103
17805	38395	39.289
17805	38066	22.098
17805	38386	65.681
17805	38604	45.757
17805	38483	40.481
17805	38642	14.232
17805	38552	51.525
17805	38513	30.291
17805	38643	50.422
17805	38573	41.338
17805	38646	43.746
17805	38459	34.343
17805	38603	38.877
17805	38486	47.823
17805	38554	36.85
17805	38644	21.244
17805	38602	40.76
17805	38453	51.731
17805	38484	33.813
17805	42788	23.554
17805	42786	38.347
17805	42783	30.027
17805	42780	27.849
17805	42790	35.235
17805	42778	36.505
17805	42784	52.628
17805	42787	25.294
17805	42781	39.676
17805	42779	28.907
17805	42785	40.059
17805	42789	35.766
17805	42782	36.686
17805	43146	11.162
17805	43087	20.358
17805	43120	25.469
17805	43046	36.339
17805	43011	21.538
17805	43007	40.806
17805	43102	41.699
17805	43153	37.955
17805	43021	36.886
17805	43031	56.551
17805	43125	36.695
17805	43145	9.692
17805	43113	13.247
17805	43135	16.303
17805	43154	58.318
17805	43137	36.625
17805	43008	39.622
17805	43059	15.838
17805	43022	60.604
17805	43064	41.736
17805	43060	38.917
17805	43126	45.171
17805	43117	44.132
17805	43123	53.936
17805	43134	29.617
17805	43050	40.334
17805	43127	31.998
17805	43133	17.655
17805	43094	43.19
17805	42853	30.429
17805	43111	34.909
17805	43131	38.342
17805	43115	22.536
17805	43121	53.958
17805	43068	38.454
17805	43152	60.951
17805	43029	52.179
17805	43142	19.888
17805	43083	43.232
17805	43088	8.736
17805	43028	55.828
17805	43020	36.395
17805	43104	45.819
17805	43122	56.682
17805	43078	40.119
17805	43036	42.976
17805	43114	14.919
17805	43116	41.167
17805	43092	30.96
17805	43034	41.096
17805	43095	43.998
17805	43009	23.329
17805	43084	35.461
17805	43042	38.377
17805	43147	36.999
17805	43067	40.844
17805	43148	20.29
17805	43030	57.877
17805	43129	35.86
17805	43027	34.187
17805	43076	45.808
17805	43019	49.943
17805	43057	37.24
17805	43124	23.16
17805	43110	48.652
17805	43072	53.815
17805	43063	54.966
17805	42924	62.217
17805	43109	57.026
17805	43081	36.998
17805	43054	38.787
17805	42925	46.553
17805	43075	26.745
17805	43090	40.466
17805	43099	52.846
17805	43139	39.108
17805	43035	30.344
17805	43044	49.172
17805	43096	54.924
17805	43149	17.715
17805	43089	34.272
17805	43100	41.527
17805	43012	35.731
17805	43150	17.256
17805	43023	56.108
17805	43079	241.183
17805	43077	44.498
17805	43070	18.202
17805	43056	41.377
17805	43066	53.298
17805	43098	27.617
17805	43005	19.985
17805	43062	54.605
17805	43024	50.272
17805	42926	15.563
17805	43103	36.887
17805	43085	31.196
17805	43091	31.857
17805	43038	55.279
17805	43118	35.36
17805	43047	18.489
17805	43033	42.41
17805	43071	63.595
17805	43112	49.88
17805	43013	39.534
17805	43017	50.997
17805	43141	28.875
17805	43051	18.313
17805	43065	55.676
17805	43032	47.793
17805	43052	31.582
17805	43132	39.783
17805	43136	10.444
17805	43086	49.765
17805	43037	44.717
17805	43015	13.35
17805	43058	42.089
17805	43018	39.894
17805	43101	19.736
17805	43045	58.056
17805	43080	31.857
17805	42927	39.757
17805	43016	43.387
17805	43138	33.115
17805	43108	40.299
17805	43106	16.253
17805	42923	33.542
17805	43069	38.174
17805	43040	54.69
17805	43061	53.941
17805	43119	39.081
17805	43025	17.761
17805	43043	45.492
17805	43107	48.306
17805	43073	56.092
17805	42854	57.515
17805	43055	39.256
17805	43082	18.247
17805	43151	20.325
17805	43156	52.163
17805	43143	19.283
17805	43130	38.048
17805	43097	36.435
17805	43144	18.99
17805	43048	42.074
17805	43041	14.348
17805	43155	34.75
17805	43039	49.331
17805	43026	14.695
17805	43093	41.656
17805	43006	42.438
17805	43049	47.078
17805	43053	27.398
17805	43010	63.148
17805	43105	31.558
17805	43074	43.92
17805	43014	24.306
17805	43128	36.801
17805	43140	41.188
17805	43378	57.535
17805	43319	55.374
17805	43530	37.593
17805	43282	47.761
17805	43298	37.759
17805	43275	37.276
17805	43491	38.324
17805	43309	41.031
17805	43314	61.451
17805	43555	7.495
17805	43560	56.305
17805	43274	36.362
17805	43997	36.723
17805	43893	16.792
17805	43713	45.699
17805	43763	40.208
17805	43631	51.704
17805	43847	11.232
17805	43833	38.542
17805	43630	50.304
17805	44254	31.175
17805	44398	55.161
17805	44059	37.878
17805	44397	50.519
17805	44072	17.768
17805	44253	36.715
17805	44092	46.238
17805	44395	47.938
17805	44394	33.128
17805	44018	2.064
17805	44019	9.2
17805	44027	61.458
17805	44071	17.279
17805	44396	38.203
17805	44028	33.462
17805	44041	50.729
17805	44285	50.131
17805	44399	54.395
17805	44073	58.887
17805	44074	49.152
17805	44417	37.07
17805	44405	38.029
17805	44411	50.72
17805	44415	42.977
17805	44419	52.995
17805	44408	51.492
17805	44414	51.565
17805	44410	36.496
17805	44407	57.606
17805	44409	59.409
17805	44558	35.299
17805	44404	31.797
17805	44406	40.677
17805	44413	38.138
17805	44418	52.553
17805	44403	19.95
17805	44420	63.497
17805	44421	43.262
17805	44416	62.456
17805	44412	40.447
17805	44402	60.266
17805	44522	34.128
17805	45028	38.452
17805	44973	43.72
17805	44972	39.79
17805	45071	44.726
17805	44846	34.675
17805	45436	55.04
17805	45258	62.056
17805	45217	27.579
17805	45310	28.219
17805	45441	51.675
17805	45515	69.279
17805	45287	35.144
17805	45517	58.542
17805	45365	35.35
17805	45518	52.968
17805	45339	35.382
17805	45556	33.85
17805	45443	49.513
17805	45309	56.544
17805	45520	70.835
17805	45512	37.193
17805	45522	57.935
17805	45232	37.14
17805	45366	33.462
17805	45516	62.802
17805	45575	37.7
17805	45519	59.78
17805	45257	64.672
17805	45521	65.469
17805	45823	39.515
17805	45602	52.07
17805	45783	30.065
17805	46119	49.71
17805	46188	47.334
17805	46354	48.044
17805	46194	16.085
17805	46512	30.679
17805	46500	40.957
17805	46567	25.921
17805	47567	20.664
17805	47514	42.352
17805	47515	33.941
17805	47565	35.002
17805	47569	35.059
17805	47570	27.782
17805	47566	37.931
17805	47568	33.467
17805	47919	44.932
17805	47916	49.667
17805	47880	18.849
17805	47921	25.064
17805	47920	0
17805	47918	38.135
17805	47674	26.728
17805	47964	41.38
17805	47850	33.648
17805	47923	34.579
17805	47925	25.812
17805	47915	41.699
17805	47647	34.106
