476	226100
-23.7692218	-46.6986378
-23.4613107	-46.7050152
-23.562638600000003	-46.4924293
-23.475279699999998	-46.64171839999999
-23.553746899999997	-46.5799659
-23.7148062	-46.687261
-23.7439673	-46.7035484
-23.642293399999996	-46.7808237
-23.505215300000003	-46.670571200000005
-23.596661899999997	-46.592506
-23.461758	-46.67329669999999
-23.59926	-46.48333220000001
-23.508047	-46.463784999999994
-23.6173747	-46.5075657
-23.633556600000002	-46.6125815
-23.6524292	-46.6379878
-23.4316755	-46.781722200000004
-23.5980545	-46.734665500000006
-23.5022036	-46.493882799999994
-23.4623178	-46.6296539
-23.588589199999998	-46.5602034
-23.5001716	-46.51682659999999
-23.545006	-46.486847
-23.605091100000003	-46.555048600000006
-23.584770000000002	-46.7909549
-23.476943600000002	-46.659091100000005
-23.5733437	-46.51583970000001
-23.514091	-46.746573600000005
-23.5926537	-46.78364029999999
-23.675942300000003	-46.792129700000004
-23.600726	-46.795369
-23.537767600000002	-46.4918694
-23.4649947	-46.6048435
-23.5700464	-46.5346103
-23.742701899999997	-46.686249100000005
-23.4312857	-46.787648100000006
-23.575964000000003	-46.7752597
-23.538498800000003	-46.689203899999995
-23.673062100000003	-46.649359600000004
-23.664036	-46.64544249999999
-23.6010052	-46.508021
-23.5920172	-46.5163348
-23.534011	-46.442704
-23.6038842	-46.532566100000004
-23.6483225	-46.66217169999999
-23.4849662	-46.34947329999999
-23.5896451	-46.5348143
-23.6611996	-46.786255100000005
-23.5406005	-46.4393013
-23.6573493	-46.6142714
-23.6492784	-46.610417
-23.543776	-46.744808899999995
-23.6265135	-46.463716399999996
-23.5273652	-46.4356029
-23.486717199999998	-46.6553196
-23.5234676	-46.5263225
-23.59393	-46.511768100000005
-23.665628100000003	-46.7629059
-23.552438100000003	-46.4875654
-23.6192424	-46.586948
-23.497513199999997	-46.530339
-23.5254174	-46.651586200000004
-23.526245	-46.64185699999999
-23.5696198	-46.6235888
-23.3999249	-46.7510521
-23.4777755	-46.5879396
-23.623600500000002	-46.4931968
-23.5569779	-46.6419089
-23.634695100000002	-46.7557907
-23.553051	-46.524581
-23.525999399999996	-46.62105469999999
-23.7696124	-46.6846632
-23.596712300000004	-46.4400751
-23.8294076	-46.7271197
-23.497700899999998	-46.6549657
-23.5900703	-46.4999829
-23.5964669	-46.5675552
-23.611491100000002	-46.49400929999999
-23.5025625	-46.4500403
-23.584112	-46.516525200000004
-23.5301733	-46.479950099999996
-23.6212232	-46.509203899999996
-23.6620771	-46.6696664
-23.730154000000002	-46.788790000000006
-23.594972199999997	-46.448771
-23.4095797	-46.7572385
-23.4933297	-46.7009633
-23.5770512	-46.7344906
-23.7146759	-46.7776059
-23.5036628	-46.6314982
-23.4949963	-46.38007229999999
-23.5795832	-46.528333399999994
-23.5304125	-46.42163239999999
-23.549223899999998	-46.56103220000001
-23.598771300000003	-46.495013
-23.5627032	-46.6492443
-23.6324091	-46.442922100000004
-23.4620523	-46.6510067
-23.6791553	-46.779512100000005
-23.603734399999997	-46.429937
-23.489500699999997	-46.66453320000001
-23.4818082	-46.667012899999996
-23.465073800000003	-46.661776
-23.5119775	-46.565870600000004
-23.677735100000003	-46.652069700000006
-23.6744815	-46.6659658
-23.6058427	-46.5033451
-23.6856033	-46.6614845
-23.744987100000003	-46.6688972
-23.5822951	-46.582716
-23.696527399999997	-46.6629361
-23.6875817	-46.656961200000005
-23.449079100000002	-46.59643699999999
-23.5009685	-46.462325899999996
-23.504260100000003	-46.3854192
-23.616484399999997	-46.4958125
-23.5115075	-46.3844534
-23.6192504	-46.6870232
-23.542674899999998	-46.43108050000001
-23.5317711	-46.720518799999994
-23.449117899999997	-46.6101824
-23.7923543	-46.7386132
-23.6127322	-46.6162809
-23.595907699999998	-46.5002225
-23.5510579	-46.5982348
-23.6032036	-46.40354689999999
-23.4606901	-46.6227544
-23.494482	-46.4005343
-23.6479362	-46.63833349999999
-23.6536227	-46.652257899999995
-23.4820294	-46.6786015
-23.638505	-46.6060326
-23.4943794	-46.637310299999996
34.4208305	-119.69819009999999
-23.616898199999998	-46.456936999999996
-23.499852399999998	-46.5904286
-23.486158800000002	-46.459833200000006
-23.461010199999997	-46.583310600000004
-23.5962688	-46.5462835
-23.504897500000002	-46.6594021
-23.505569899999998	-46.3666304
-23.7332873	-46.7834367
-23.513748	-46.4829339
-23.4467938	-46.753799
-23.5151358	-46.43300670000001
-23.498638699999997	-46.59683820000001
-23.5103129	-46.4464014
-23.4897451	-46.4915098
-23.435900600000004	-46.5807948
-23.4925308	-46.573097499999996
-23.551083300000002	-46.505941
-23.488993	-46.476532
-23.4862826	-46.5768925
-23.5093563	-46.6641566
-23.6835438	-46.775461299999996
-23.492223199999998	-46.4159711
-23.6307902	-46.62566899999999
-23.532037600000002	-46.6523697
-23.560184500000002	-46.5101297
-23.475870899999997	-46.6304113
-23.5381787	-46.612041999999995
-23.573782	-46.5593139
-23.6741311	-46.65957230000001
-23.5394751	-46.455195
-23.587430800000003	-46.6852683
-23.5231609	-46.4904707
-23.5374907	-46.595440999999994
-23.5998592	-46.5399968
-23.546588	-46.5319789
-23.5053517	-46.5209756
-23.482301500000002	-46.7470085
-23.5537496	-46.6910563
-23.5872032	-46.770333
-23.654064	-46.757468700000004
-23.4708759	-46.69199940000001
-23.6980537	-46.760393799999996
-23.6136235	-46.5937525
-23.6830009	-46.7115453
-23.512776000000002	-46.5138867
-23.543558100000002	-46.4094614
-23.629596499999998	-46.6049193
-23.5024688	-46.7611498
-23.4356435	-46.7180836
-23.455533	-46.71653509999999
-23.5605659	-46.423367799999994
-23.536713600000002	-46.527623999999996
-23.546647	-46.5003237
-23.452660100000003	-46.7309598
-23.5767171	-46.411556299999994
-23.5295429	-46.476192700000006
-23.5095558	-46.4970669
-23.7029949	-46.6358951
-23.633648	-46.589042
-23.5023707	-46.42256649999999
-23.493586899999997	-46.600653799999996
-23.692373899999996	-46.7574551
-23.4906455	-46.591483700000005
-23.532007800000002	-46.70109799999999
-23.610337899999998	-46.5094928
-23.6353546	-46.6991085
-23.647620899999996	-46.7017643
-23.5377509	-46.514444700000006
-23.529626	-46.67770360000001
-23.5498029	-46.448725399999994
-23.6824443	-46.6680309
-23.8540253	-46.7082778
-23.7323046	-46.660217200000005
-23.494543300000004	-46.6852655
-23.5915065	-46.4859133
-23.4890102	-46.7593497
-23.5977406	-46.3915711
-23.6462668	-46.7725291
-23.743203899999997	-46.711250899999996
-23.5372741	-46.40504979999999
-23.6448973	-46.59318349999999
-23.7106496	-46.65329209999999
-23.5140031	-46.719954200000004
-23.6909981	-46.6701895
-23.517538100000003	-46.5766328
-23.452653100000003	-46.585728
-23.615462899999997	-46.510587799999996
-23.4703738	-46.6739437
-23.6654027	-46.7357567
-23.678639399999998	-46.762637700000006
-23.6174452	-46.7457553
-23.572374	-46.503646200000006
-23.4767758	-46.703439
-23.5840956	-46.448913899999994
-23.5675456	-46.547269899999996
-23.5109607	-46.550818400000004
-23.6154435	-46.4880035
-23.61324	-46.4527789
-23.6557057	-46.771094700000006
-23.5622116	-46.7645351
-23.631319199999997	-46.458017600000005
-23.50466	-46.4101961
-23.4857544	-46.39402329999999
-23.5869799	-46.406795200000005
-23.5211862	-46.3887831
-23.6123592	-46.60379959999999
-23.6714841	-46.7795974
-23.5623918	-46.4573151
-23.572761399999997	-46.76103079999999
-23.6971785	-46.648838700000006
-23.615111199999998	-46.4178334
-23.6890099	-46.64962020000001
-23.6262088	-46.6667053
-23.7537347	-46.6708924
-23.5118689	-46.4156098
-23.528147	-46.69552879999999
-23.637915600000003	-46.749792
-23.604915899999998	-46.520962899999994
-23.636651899999997	-46.76394819999999
-23.4586975	-46.6965882
-23.520565899999998	-46.3998567
-24.526933399999997	-48.1082112
-23.7034891	-46.6279564
-23.4501861	-46.6848185
-23.4822423	-46.493317299999994
-23.500175199999997	-46.40876979999999
-23.6099845	-46.7055629
-23.497587799999998	-46.6774355
-23.521189	-46.4123914
-23.755372	-46.6592343
-23.4464702	-46.749049600000006
-23.477548000000002	-46.5684592
-23.616901199999997	-46.7231432
-23.6288207	-46.6463032
-23.5364862	-46.4173433
-23.5351193	-46.536968200000004
-23.4620757	-46.6907021
-23.6129326	-46.5228434
-23.5883176	-46.386665
-23.5040965	-46.47065629999999
-23.6910389	-46.640497700000004
-23.504887300000004	-46.4335375
-23.5926128	-46.6713283
-23.465853600000003	-46.6964265
-23.8176066	-46.705345
-23.7469313	-46.7778285
-23.5058803	-46.587990399999995
-23.451435600000003	-46.5725945
-23.4958492	-46.7452875
-23.494106100000003	-46.436422
-23.7189499	-46.7700864
-23.4934962	-46.725177
-23.6986258	-46.7715865
-23.5362328	-46.50338319999999
-23.562712899999998	-46.7516434
-23.5470987	-46.39595739999999
-23.6288207	-46.6463032
-23.5185943	-46.4922721
-23.5540726	-46.46503
-23.4923905	-46.5851658
-23.689124800000002	-46.766121999999996
-23.4546049	-46.6995339
-23.6344474	-46.7770278
-23.4747105	-46.5804149
-23.512391	-46.4091294
-23.5262326	-46.418097100000004
-23.6805646	-46.686512
-23.4703121	-46.7216601
-23.6019748	-46.472024499999996
-23.4925095	-46.4594682
-23.5157185	-46.3977973
-23.530155999999998	-46.3977869
-23.688607	-46.759491
-23.4952933	-46.71256760000001
-23.477222	-46.7112527
-23.7851135	-46.68367429999999
-23.4668961	-46.6807204
-23.523591800000002	-46.508683500000004
-23.657908399999997	-46.756290299999996
-23.487625	-46.71320739999999
-23.6924143	-46.787872899999996
-23.4776598	-46.720994399999995
-23.648489899999998	-46.7539377
-23.773180399999998	-46.7133929
-23.4465182	-46.714503
-23.6990141	-46.780815800000006
-23.5393133	-46.476159
-23.5769067	-46.456292600000005
-23.5946711	-46.7516391
-23.5837914	-46.3930809
-23.604434899999998	-46.65442909999999
-23.731625899999997	-46.7029229
-23.5790988	-46.714953
-23.5271431	-46.527922600000004
-23.5787961	-46.509925
-23.5434289	-46.392388200000006
-23.5594368	-46.460248
-23.682487	-46.657959399999996
-23.486158800000002	-46.459833200000006
-23.6786207	-46.7555327
-23.679552899999997	-46.748988700000005
-23.700374399999998	-46.7907109
-23.6933817	-46.7807543
-23.5634542	-46.396726799999996
-23.4149775	-46.7513499
-23.6087599	-46.39897
-23.671987100000003	-46.7459635
-23.6929205	-46.794497
-23.537253200000002	-46.7224954
-23.4192573	-46.5903814
-23.603779199999998	-46.5960692
-23.5950837	-46.42062070000001
-23.4959822	-46.7501471
-23.673602499999998	-46.6854196
-23.6070013	-46.44460549999999
-23.6165853	-46.7263429
-23.5494203	-46.432926
-23.672239899999997	-46.637519
-23.4790803	-46.4195595
-23.4898583	-46.73835769999999
-23.629338	-46.7547266
-23.7354565	-46.78872459999999
-23.625132	-46.4692235
-23.64286	-46.741453
-23.4393856	-46.7941145
-23.4374352	-46.77878079999999
-23.5723853	-46.3945758
-23.4417309	-46.734212299999996
-23.688231299999998	-46.74808489999999
-23.656157	-46.735580999999996
-23.783437600000003	-46.712428300000006
-23.770876	-46.705722200000004
-23.5537467	-46.444689200000006
-23.5641908	-46.4181196
-23.608209600000002	-46.4501764
-23.6812763	-46.7383655
-23.5178091	-46.5062691
-23.6215369	-46.4573672
-23.5777793	-46.4812593
-23.523816	-46.4473999
-23.5303521	-46.45903320000001
-23.5208112	-46.4640666
-23.6715991	-46.74705529999999
-23.5455579	-46.4155018
-23.5537329	-46.3985834
-23.660130600000002	-46.63701
-23.4686977	-46.6033936
-23.5030847	-46.484074299999996
-23.673816199999997	-46.7561227
-23.5161128	-46.4266133
-23.483822600000003	-46.7031959
-23.5885605	-46.3964948
-23.616267899999997	-46.516682700000004
-23.5804337	-46.40438049999999
-23.555004800000003	-46.4919843
-23.5661598	-46.4087665
-23.656671499999998	-46.741468700000006
-23.671643300000003	-46.772749600000004
-23.4312857	-46.575058500000004
-23.666874	-46.7924898
-23.7171646	-46.765463200000006
-23.5967402	-46.5949857
-23.5088352	-46.3980422
-23.8483668	-46.6970564
-23.5509786	-46.628255100000004
-23.5471595	-46.6365732
-23.7798487	-46.674057899999994
-23.8743323	-46.6489361
-23.6414076	-46.77156179999999
-23.8319419	-46.71193040000001
-23.513849	-46.531837700000004
-23.7880492	-46.7222204
-23.6602133	-46.650443
-23.6547107	-46.78454060000001
-23.4871521	-46.43217749999999
-23.821353	-46.673458000000004
-23.906664399999997	-46.7079458
-23.6221715	-46.745841600000006
-23.840803899999997	-46.734928000000004
-23.663079500000002	-46.762355
-23.6532552	-46.78993320000001
-23.8687296	-46.753003
-23.6579467	-46.7753963
-23.850478600000002	-46.713282899999996
-23.8805586	-46.741558500000004
-23.868738399999998	-46.6782227
-23.491647699999998	-46.504590500000006
-23.5221372	-46.4692967
-23.617095199999998	-46.7181842
-23.774841100000003	-46.7010695
-23.4876566	-46.44915719999999
-23.7639671	-46.707412899999994
-23.455007199999997	-46.7105555
-23.570538	-46.6115553
-23.7099032	-46.71185209999999
-23.5532005	-46.67344629999999
-23.4734032	-46.6840088
-23.5877109	-46.4920295
-23.5709198	-46.5755075
-23.603850199999997	-46.62348799999999
-23.5614377	-46.55281129999999
-23.516268300000004	-46.60536810000001
-23.6785496	-46.644627
-23.5909888	-46.6090233
-23.611491100000002	-46.49400929999999
-23.497078100000003	-46.4402295
-23.453937300000003	-46.682840399999996
-23.4642145	-46.6546145
-23.4312857	-46.787648100000006
-23.5001716	-46.51682659999999
-23.5792987	-46.6748141
-23.7114735	-46.70031780000001
-23.598795000000003	-46.6397055
-23.4489663	-46.5961289
-23.5855969	-46.7323157
-23.6136235	-46.5937525
-23.636989	-46.7795195
-23.683928	-46.759170700000006
-23.6606813	-46.7437523
-23.6695044	-46.7562815
-23.694969699999998	-46.676822200000004
-23.6472033	-46.7568419
-23.526531600000002	-46.5507584
-23.6287645	-46.70774890000001
-23.475279699999998	-46.64171839999999
-23.4686977	-46.6033936
-23.5248373	-46.6517329
-23.566501300000002	-46.3926396
-23.677735100000003	-46.652069700000006
-23.556825699999997	-46.460423999999996
-23.467731399999998	-46.658824200000005
-23.6544837	-46.664039700000004
-23.4351529	-46.72783889999999
-23.678995	-46.6400376
-23.4963539	-46.5683404
-23.6994133	-46.6401396
-23.5532051	-46.51506380000001
-23.613295899999997	-46.6945165
-23.5907988	-46.489472
-23.557891199999997	-46.412954299999996
-23.563712	-46.7438228
-23.492989399999995	-46.6715275
38063	3469	32.765
38063	3889	11.993
38063	3865	30.832
38063	3891	15.901
38063	3866	21.23
38063	3961	25.726
38063	3890	30.036
38063	3887	23.191
38063	3868	10.409
38063	3999	23.09
38063	4709	13.234
38063	5309	33.058
38063	6971	38.686
38063	7015	33.701
38063	6948	19.617
38063	8694	18.255
38063	9368	16.393
38063	9274	11.439
38063	9876	29.002
38063	11000	18.053
38063	11619	26.06
38063	12229	27.333
38063	12730	31.336
38063	13179	28.75
38063	13113	14.306
38063	13252	12.726
38063	13344	29.34
38063	13260	6.089
38063	13862	15.129
38063	15149	24.298
38063	15095	24.922
38063	15597	29.873
38063	16159	21.397
38063	16742	26.436
38063	16741	29.847
38063	17805	18.813
38063	18346	14.153
38063	18562	5.109
38063	28042	20.658
38063	28123	20.05
38063	28085	32.411
38063	28130	31.32
38063	28067	43.222
38063	28110	29.781
38063	28131	17.976
38063	28088	51.015
38063	28060	29.197
38063	28109	22.647
38063	28070	43.514
38063	28132	21.479
38063	28082	21.316
38063	28089	4.372
38063	28050	37.105
38063	28071	43.174
38063	28064	13.793
38063	28101	25.701
38063	28127	31.852
38063	28102	21.284
38063	28073	29.994
38063	28129	31.911
38063	28046	26.098
38063	28066	11.748
38063	28112	12.483
38063	28069	13.77
38063	28116	20.804
38063	28049	22.34
38063	28041	34.955
38063	28094	10.438
38063	28099	18.857
38063	28048	25.936
38063	28117	14.457
38063	28103	33.495
38063	28058	38.844
38063	28061	40.721
38063	28072	13.524
38063	28111	31.439
38063	28142	26.684
38063	28107	34.129
38063	28044	38.895
38063	28124	30.895
38063	28047	30.568
38063	28143	34.158
38063	28043	18.527
38063	28051	29.358
38063	28040	37.716
38063	28086	18.444
38063	28065	7.478
38063	28566	8.355
38063	28571	27.699
38063	28477	15.583
38063	28476	45.591
38063	28579	27.171
38063	29702	44.237
38063	29777	22.962
38063	32097	32.883
38063	32093	9.532
38063	32096	43.771
38063	32094	14.699
38063	32095	23.447
38063	32091	40.059
38063	32090	13.351
38063	32098	11.659
38063	32498	13.556
38063	32494	21.567
38063	32873	21.09
38063	32872	20.212
38063	32818	33.346
38063	35788	21.768
38063	35729	34.213
38063	35754	25.151
38063	35722	25.392
38063	35870	23.992
38063	36143	23.765
38063	38295	37.977
38063	38389	45.055
38063	38252	33.992
38063	38064	45.333
38063	38062	12.581
38063	38049	44.65
38063	38058	22.898
38063	38061	36.849
38063	38249	21.085
38063	38052	32.2
38063	38236	19.042
38063	38060	44.706
38063	38067	21.604
38063	38287	43.392
38063	38111	19.736
38063	38297	18.879
38063	38053	10.697
38063	38250	20.92
38063	38065	17.081
38063	38051	-1
38063	38050	39.057
38063	38069	20.866
38063	38059	36.958
38063	38245	29.3
38063	38395	28.486
38063	38066	11.295
38063	38386	54.878
38063	38604	29.642
38063	38483	29.678
38063	38642	13.467
38063	38552	40.722
38063	38513	19.489
38063	38643	39.619
38063	38573	30.535
38063	38646	32.943
38063	38459	23.54
38063	38603	28.074
38063	38486	37.02
38063	38554	26.048
38063	38644	10.441
38063	38602	24.646
38063	38453	40.928
38063	38484	17.699
38063	42788	12.751
38063	42786	27.544
38063	42783	19.225
38063	42780	17.046
38063	42790	24.432
38063	42778	20.39
38063	42784	41.826
38063	42787	9.18
38063	42781	28.873
38063	42779	18.104
38063	42785	29.256
38063	42789	24.963
38063	42782	25.883
38063	43146	8.379
38063	43087	5.235
38063	43120	13.374
38063	43046	20.224
38063	43011	10.735
38063	43007	24.691
38063	43102	21.967
38063	43153	21.84
38063	43021	26.084
38063	43031	45.748
38063	43125	20.58
38063	43145	7.939
38063	43113	19.675
38063	43135	12.913
38063	43154	47.516
38063	43137	25.822
38063	43008	28.819
38063	43059	14.744
38063	43022	49.801
38063	43064	30.933
38063	43060	28.115
38063	43126	29.056
38063	43117	22.774
38063	43123	43.133
38063	43134	18.814
38063	43050	24.22
38063	43127	21.196
38063	43133	3.792
38063	43094	32.387
38063	42853	14.314
38063	43111	18.794
38063	43131	27.54
38063	43115	6.073
38063	43121	43.155
38063	43068	22.339
38063	43152	44.837
38063	43029	36.064
38063	43142	9.085
38063	43083	32.429
38063	43088	8.327
38063	43028	45.025
38063	43020	21.373
38063	43104	29.705
38063	43122	45.879
38063	43078	24.004
38063	43036	26.861
38063	43114	3.668
38063	43116	25.053
38063	43092	20.157
38063	43034	30.294
38063	43095	33.195
38063	43009	12.527
38063	43084	19.346
38063	43042	22.262
38063	43147	18.194
38063	43067	30.041
38063	43148	9.487
38063	43030	47.074
38063	43129	25.057
38063	43027	23.384
38063	43076	35.005
38063	43019	39.14
38063	43057	21.125
38063	43124	7.817
38063	43110	37.849
38063	43072	43.012
38063	43063	44.163
38063	42924	51.414
38063	43109	46.223
38063	43081	20.883
38063	43054	22.672
38063	42925	35.75
38063	43075	7.528
38063	43090	24.351
38063	43099	42.043
38063	43139	22.993
38063	43035	14.229
38063	43044	33.057
38063	43096	44.121
38063	43149	3.862
38063	43089	18.157
38063	43100	30.724
38063	43012	21.211
38063	43150	12.509
38063	43023	45.305
38063	43079	243.506
38063	43077	28.383
38063	43070	15.795
38063	43056	30.575
38063	43066	42.495
38063	43098	11.502
38063	43005	9.182
38063	43062	43.803
38063	43024	34.158
38063	42926	14.628
38063	43103	26.085
38063	43085	15.081
38063	43091	15.743
38063	43038	44.477
38063	43118	24.557
38063	43047	12.234
38063	43033	31.607
38063	43071	52.792
38063	43112	39.078
38063	43013	23.42
38063	43017	40.194
38063	43141	12.76
38063	43051	11.523
38063	43065	39.561
38063	43032	31.591
38063	43052	20.779
38063	43132	28.98
38063	43136	6.421
38063	43086	38.962
38063	43037	28.602
38063	43015	8.495
38063	43058	25.974
38063	43018	29.091
38063	43101	5.945
38063	43045	47.254
38063	43080	15.743
38063	42927	28.954
38063	43016	32.584
38063	43138	22.312
38063	43108	24.185
38063	43106	22.681
38063	42923	22.245
38063	43069	27.371
38063	43040	43.887
38063	43061	43.138
38063	43119	22.966
38063	43025	10.615
38063	43043	34.69
38063	43107	37.504
38063	43073	45.289
38063	42854	46.712
38063	43055	23.141
38063	43082	7.444
38063	43151	9.522
38063	43156	36.048
38063	43143	13.13
38063	43130	27.245
38063	43097	20.321
38063	43144	8.187
38063	43048	25.96
38063	43041	9.493
38063	43155	18.635
38063	43039	33.216
38063	43026	21.123
38063	43093	25.541
38063	43006	31.635
38063	43049	36.275
38063	43053	11.419
38063	43010	52.345
38063	43105	15.443
38063	43074	27.806
38063	43014	8.191
38063	43128	25.999
38063	43140	30.385
38063	43378	46.732
38063	43319	44.571
38063	43530	21.478
38063	43282	36.958
38063	43298	21.644
38063	43275	21.161
38063	43491	27.115
38063	43309	24.916
38063	43314	50.648
38063	43555	18.008
38063	43560	45.503
38063	43274	20.247
38063	43997	26.879
38063	43893	1.095
38063	43713	34.897
38063	43763	29.405
38063	43631	40.901
38063	43847	7.311
38063	43833	22.428
38063	43630	39.502
38063	44254	15.061
38063	44398	44.359
38063	44059	21.764
38063	44397	39.716
38063	44072	6.076
38063	44253	19.377
38063	44092	29.864
38063	44395	37.135
38063	44394	17.013
38063	44018	20.477
38063	44019	16.34
38063	44027	50.655
38063	44071	15.654
38063	44396	22.089
38063	44028	17.347
38063	44041	34.614
38063	44285	34.016
38063	44399	43.592
38063	44073	48.084
38063	44074	38.349
38063	44417	20.955
38063	44405	27.226
38063	44411	39.917
38063	44415	32.174
38063	44419	42.192
38063	44408	40.689
38063	44414	40.762
38063	44410	20.381
38063	44407	46.803
38063	44409	48.607
38063	44558	19.184
38063	44404	20.994
38063	44406	29.874
38063	44413	22.023
38063	44418	41.75
38063	44403	9.147
38063	44420	52.695
38063	44421	32.459
38063	44416	51.654
38063	44412	29.644
38063	44402	49.463
38063	44522	18.013
38063	45028	22.337
38063	44973	32.917
38063	44972	23.675
38063	45071	28.611
38063	44846	22.993
38063	45436	44.238
38063	45258	45.941
38063	45217	16.776
38063	45310	17.416
38063	45441	35.561
38063	45515	53.164
38063	45287	21.426
38063	45517	42.427
38063	45365	24.547
38063	45518	36.853
38063	45339	19.267
38063	45556	23.201
38063	45443	38.71
38063	45309	40.429
38063	45520	54.72
38063	45512	18.332
38063	45522	41.82
38063	45232	21.025
38063	45366	23.8
38063	45516	46.687
38063	45575	21.585
38063	45519	43.665
38063	45257	48.558
38063	45521	49.354
38063	45823	28.713
38063	45602	41.267
38063	45783	13.95
38063	46119	33.595
38063	46188	36.531
38063	46354	31.929
38063	46194	12.553
38063	46512	14.67
38063	46500	24.842
38063	46567	6.68
38063	47567	11.689
38063	47514	31.549
38063	47515	23.138
38063	47565	18.887
38063	47569	24.257
38063	47570	16.979
38063	47566	21.816
38063	47568	15.397
38063	47919	34.129
38063	47916	38.864
38063	47880	15.461
38063	47921	14.262
38063	47920	18.813
38063	47918	27.333
38063	47674	10.613
38063	47964	25.266
38063	47850	17.533
38063	47923	23.776
38063	47925	9.663
38063	47915	21.967
38063	47647	22.511
38063	47678	22.58
38063	47914	18.647
38063	47980	22.67
38063	47913	23.928
38063	47657	18.85
38063	47803	22.011
38063	47673	13.656
38063	47922	15.901
38063	47924	20.994
38063	47865	11.704
38063	47917	51.028
38063	48063	21.09
38063	48137	44.472
38063	48186	13.607
38063	48660	17.853
38063	48541	19.771
38063	48633	21.531
38063	49473	22.926
38063	49313	28.82
38063	49059	27.309
38063	49153	12.647
38063	50966	31.919
38063	50604	48.296
38063	50448	6.197
38063	1633	10.249
