476	226100
-23.7692218	-46.6986378
-23.4613107	-46.7050152
-23.562638600000003	-46.4924293
-23.475279699999998	-46.64171839999999
-23.553746899999997	-46.5799659
-23.7148062	-46.687261
-23.7439673	-46.7035484
-23.642293399999996	-46.7808237
-23.505215300000003	-46.670571200000005
-23.596661899999997	-46.592506
-23.461758	-46.67329669999999
-23.59926	-46.48333220000001
-23.508047	-46.463784999999994
-23.6173747	-46.5075657
-23.633556600000002	-46.6125815
-23.6524292	-46.6379878
-23.4316755	-46.781722200000004
-23.5980545	-46.734665500000006
-23.5022036	-46.493882799999994
-23.4623178	-46.6296539
-23.588589199999998	-46.5602034
-23.5001716	-46.51682659999999
-23.545006	-46.486847
-23.605091100000003	-46.555048600000006
-23.584770000000002	-46.7909549
-23.476943600000002	-46.659091100000005
-23.5733437	-46.51583970000001
-23.514091	-46.746573600000005
-23.5926537	-46.78364029999999
-23.675942300000003	-46.792129700000004
-23.600726	-46.795369
-23.537767600000002	-46.4918694
-23.4649947	-46.6048435
-23.5700464	-46.5346103
-23.742701899999997	-46.686249100000005
-23.4312857	-46.787648100000006
-23.575964000000003	-46.7752597
-23.538498800000003	-46.689203899999995
-23.673062100000003	-46.649359600000004
-23.664036	-46.64544249999999
-23.6010052	-46.508021
-23.5920172	-46.5163348
-23.534011	-46.442704
-23.6038842	-46.532566100000004
-23.6483225	-46.66217169999999
-23.4849662	-46.34947329999999
-23.5896451	-46.5348143
-23.6611996	-46.786255100000005
-23.5406005	-46.4393013
-23.6573493	-46.6142714
-23.6492784	-46.610417
-23.543776	-46.744808899999995
-23.6265135	-46.463716399999996
-23.5273652	-46.4356029
-23.486717199999998	-46.6553196
-23.5234676	-46.5263225
-23.59393	-46.511768100000005
-23.665628100000003	-46.7629059
-23.552438100000003	-46.4875654
-23.6192424	-46.586948
-23.497513199999997	-46.530339
-23.5254174	-46.651586200000004
-23.526245	-46.64185699999999
-23.5696198	-46.6235888
-23.3999249	-46.7510521
-23.4777755	-46.5879396
-23.623600500000002	-46.4931968
-23.5569779	-46.6419089
-23.634695100000002	-46.7557907
-23.553051	-46.524581
-23.525999399999996	-46.62105469999999
-23.7696124	-46.6846632
-23.596712300000004	-46.4400751
-23.8294076	-46.7271197
-23.497700899999998	-46.6549657
-23.5900703	-46.4999829
-23.5964669	-46.5675552
-23.611491100000002	-46.49400929999999
-23.5025625	-46.4500403
-23.584112	-46.516525200000004
-23.5301733	-46.479950099999996
-23.6212232	-46.509203899999996
-23.6620771	-46.6696664
-23.730154000000002	-46.788790000000006
-23.594972199999997	-46.448771
-23.4095797	-46.7572385
-23.4933297	-46.7009633
-23.5770512	-46.7344906
-23.7146759	-46.7776059
-23.5036628	-46.6314982
-23.4949963	-46.38007229999999
-23.5795832	-46.528333399999994
-23.5304125	-46.42163239999999
-23.549223899999998	-46.56103220000001
-23.598771300000003	-46.495013
-23.5627032	-46.6492443
-23.6324091	-46.442922100000004
-23.4620523	-46.6510067
-23.6791553	-46.779512100000005
-23.603734399999997	-46.429937
-23.489500699999997	-46.66453320000001
-23.4818082	-46.667012899999996
-23.465073800000003	-46.661776
-23.5119775	-46.565870600000004
-23.677735100000003	-46.652069700000006
-23.6744815	-46.6659658
-23.6058427	-46.5033451
-23.6856033	-46.6614845
-23.744987100000003	-46.6688972
-23.5822951	-46.582716
-23.696527399999997	-46.6629361
-23.6875817	-46.656961200000005
-23.449079100000002	-46.59643699999999
-23.5009685	-46.462325899999996
-23.504260100000003	-46.3854192
-23.616484399999997	-46.4958125
-23.5115075	-46.3844534
-23.6192504	-46.6870232
-23.542674899999998	-46.43108050000001
-23.5317711	-46.720518799999994
-23.449117899999997	-46.6101824
-23.7923543	-46.7386132
-23.6127322	-46.6162809
-23.595907699999998	-46.5002225
-23.5510579	-46.5982348
-23.6032036	-46.40354689999999
-23.4606901	-46.6227544
-23.494482	-46.4005343
-23.6479362	-46.63833349999999
-23.6536227	-46.652257899999995
-23.4820294	-46.6786015
-23.638505	-46.6060326
-23.4943794	-46.637310299999996
34.4208305	-119.69819009999999
-23.616898199999998	-46.456936999999996
-23.499852399999998	-46.5904286
-23.486158800000002	-46.459833200000006
-23.461010199999997	-46.583310600000004
-23.5962688	-46.5462835
-23.504897500000002	-46.6594021
-23.505569899999998	-46.3666304
-23.7332873	-46.7834367
-23.513748	-46.4829339
-23.4467938	-46.753799
-23.5151358	-46.43300670000001
-23.498638699999997	-46.59683820000001
-23.5103129	-46.4464014
-23.4897451	-46.4915098
-23.435900600000004	-46.5807948
-23.4925308	-46.573097499999996
-23.551083300000002	-46.505941
-23.488993	-46.476532
-23.4862826	-46.5768925
-23.5093563	-46.6641566
-23.6835438	-46.775461299999996
-23.492223199999998	-46.4159711
-23.6307902	-46.62566899999999
-23.532037600000002	-46.6523697
-23.560184500000002	-46.5101297
-23.475870899999997	-46.6304113
-23.5381787	-46.612041999999995
-23.573782	-46.5593139
-23.6741311	-46.65957230000001
-23.5394751	-46.455195
-23.587430800000003	-46.6852683
-23.5231609	-46.4904707
-23.5374907	-46.595440999999994
-23.5998592	-46.5399968
-23.546588	-46.5319789
-23.5053517	-46.5209756
-23.482301500000002	-46.7470085
-23.5537496	-46.6910563
-23.5872032	-46.770333
-23.654064	-46.757468700000004
-23.4708759	-46.69199940000001
-23.6980537	-46.760393799999996
-23.6136235	-46.5937525
-23.6830009	-46.7115453
-23.512776000000002	-46.5138867
-23.543558100000002	-46.4094614
-23.629596499999998	-46.6049193
-23.5024688	-46.7611498
-23.4356435	-46.7180836
-23.455533	-46.71653509999999
-23.5605659	-46.423367799999994
-23.536713600000002	-46.527623999999996
-23.546647	-46.5003237
-23.452660100000003	-46.7309598
-23.5767171	-46.411556299999994
-23.5295429	-46.476192700000006
-23.5095558	-46.4970669
-23.7029949	-46.6358951
-23.633648	-46.589042
-23.5023707	-46.42256649999999
-23.493586899999997	-46.600653799999996
-23.692373899999996	-46.7574551
-23.4906455	-46.591483700000005
-23.532007800000002	-46.70109799999999
-23.610337899999998	-46.5094928
-23.6353546	-46.6991085
-23.647620899999996	-46.7017643
-23.5377509	-46.514444700000006
-23.529626	-46.67770360000001
-23.5498029	-46.448725399999994
-23.6824443	-46.6680309
-23.8540253	-46.7082778
-23.7323046	-46.660217200000005
-23.494543300000004	-46.6852655
-23.5915065	-46.4859133
-23.4890102	-46.7593497
-23.5977406	-46.3915711
-23.6462668	-46.7725291
-23.743203899999997	-46.711250899999996
-23.5372741	-46.40504979999999
-23.6448973	-46.59318349999999
-23.7106496	-46.65329209999999
-23.5140031	-46.719954200000004
-23.6909981	-46.6701895
-23.517538100000003	-46.5766328
-23.452653100000003	-46.585728
-23.615462899999997	-46.510587799999996
-23.4703738	-46.6739437
-23.6654027	-46.7357567
-23.678639399999998	-46.762637700000006
-23.6174452	-46.7457553
-23.572374	-46.503646200000006
-23.4767758	-46.703439
-23.5840956	-46.448913899999994
-23.5675456	-46.547269899999996
-23.5109607	-46.550818400000004
-23.6154435	-46.4880035
-23.61324	-46.4527789
-23.6557057	-46.771094700000006
-23.5622116	-46.7645351
-23.631319199999997	-46.458017600000005
-23.50466	-46.4101961
-23.4857544	-46.39402329999999
-23.5869799	-46.406795200000005
-23.5211862	-46.3887831
-23.6123592	-46.60379959999999
-23.6714841	-46.7795974
-23.5623918	-46.4573151
-23.572761399999997	-46.76103079999999
-23.6971785	-46.648838700000006
-23.615111199999998	-46.4178334
-23.6890099	-46.64962020000001
-23.6262088	-46.6667053
-23.7537347	-46.6708924
-23.5118689	-46.4156098
-23.528147	-46.69552879999999
-23.637915600000003	-46.749792
-23.604915899999998	-46.520962899999994
-23.636651899999997	-46.76394819999999
-23.4586975	-46.6965882
-23.520565899999998	-46.3998567
-24.526933399999997	-48.1082112
-23.7034891	-46.6279564
-23.4501861	-46.6848185
-23.4822423	-46.493317299999994
-23.500175199999997	-46.40876979999999
-23.6099845	-46.7055629
-23.497587799999998	-46.6774355
-23.521189	-46.4123914
-23.755372	-46.6592343
-23.4464702	-46.749049600000006
-23.477548000000002	-46.5684592
-23.616901199999997	-46.7231432
-23.6288207	-46.6463032
-23.5364862	-46.4173433
-23.5351193	-46.536968200000004
-23.4620757	-46.6907021
-23.6129326	-46.5228434
-23.5883176	-46.386665
-23.5040965	-46.47065629999999
-23.6910389	-46.640497700000004
-23.504887300000004	-46.4335375
-23.5926128	-46.6713283
-23.465853600000003	-46.6964265
-23.8176066	-46.705345
-23.7469313	-46.7778285
-23.5058803	-46.587990399999995
-23.451435600000003	-46.5725945
-23.4958492	-46.7452875
-23.494106100000003	-46.436422
-23.7189499	-46.7700864
-23.4934962	-46.725177
-23.6986258	-46.7715865
-23.5362328	-46.50338319999999
-23.562712899999998	-46.7516434
-23.5470987	-46.39595739999999
-23.6288207	-46.6463032
-23.5185943	-46.4922721
-23.5540726	-46.46503
-23.4923905	-46.5851658
-23.689124800000002	-46.766121999999996
-23.4546049	-46.6995339
-23.6344474	-46.7770278
-23.4747105	-46.5804149
-23.512391	-46.4091294
-23.5262326	-46.418097100000004
-23.6805646	-46.686512
-23.4703121	-46.7216601
-23.6019748	-46.472024499999996
-23.4925095	-46.4594682
-23.5157185	-46.3977973
-23.530155999999998	-46.3977869
-23.688607	-46.759491
-23.4952933	-46.71256760000001
-23.477222	-46.7112527
-23.7851135	-46.68367429999999
-23.4668961	-46.6807204
-23.523591800000002	-46.508683500000004
-23.657908399999997	-46.756290299999996
-23.487625	-46.71320739999999
-23.6924143	-46.787872899999996
-23.4776598	-46.720994399999995
-23.648489899999998	-46.7539377
-23.773180399999998	-46.7133929
-23.4465182	-46.714503
-23.6990141	-46.780815800000006
-23.5393133	-46.476159
-23.5769067	-46.456292600000005
-23.5946711	-46.7516391
-23.5837914	-46.3930809
-23.604434899999998	-46.65442909999999
-23.731625899999997	-46.7029229
-23.5790988	-46.714953
-23.5271431	-46.527922600000004
-23.5787961	-46.509925
-23.5434289	-46.392388200000006
-23.5594368	-46.460248
-23.682487	-46.657959399999996
-23.486158800000002	-46.459833200000006
-23.6786207	-46.7555327
-23.679552899999997	-46.748988700000005
-23.700374399999998	-46.7907109
-23.6933817	-46.7807543
-23.5634542	-46.396726799999996
-23.4149775	-46.7513499
-23.6087599	-46.39897
-23.671987100000003	-46.7459635
-23.6929205	-46.794497
-23.537253200000002	-46.7224954
-23.4192573	-46.5903814
-23.603779199999998	-46.5960692
-23.5950837	-46.42062070000001
-23.4959822	-46.7501471
-23.673602499999998	-46.6854196
-23.6070013	-46.44460549999999
-23.6165853	-46.7263429
-23.5494203	-46.432926
-23.672239899999997	-46.637519
-23.4790803	-46.4195595
-23.4898583	-46.73835769999999
-23.629338	-46.7547266
-23.7354565	-46.78872459999999
-23.625132	-46.4692235
-23.64286	-46.741453
-23.4393856	-46.7941145
-23.4374352	-46.77878079999999
-23.5723853	-46.3945758
-23.4417309	-46.734212299999996
-23.688231299999998	-46.74808489999999
-23.656157	-46.735580999999996
-23.783437600000003	-46.712428300000006
-23.770876	-46.705722200000004
-23.5537467	-46.444689200000006
-23.5641908	-46.4181196
-23.608209600000002	-46.4501764
-23.6812763	-46.7383655
-23.5178091	-46.5062691
-23.6215369	-46.4573672
-23.5777793	-46.4812593
-23.523816	-46.4473999
-23.5303521	-46.45903320000001
-23.5208112	-46.4640666
-23.6715991	-46.74705529999999
-23.5455579	-46.4155018
-23.5537329	-46.3985834
-23.660130600000002	-46.63701
-23.4686977	-46.6033936
-23.5030847	-46.484074299999996
-23.673816199999997	-46.7561227
-23.5161128	-46.4266133
-23.483822600000003	-46.7031959
-23.5885605	-46.3964948
-23.616267899999997	-46.516682700000004
-23.5804337	-46.40438049999999
-23.555004800000003	-46.4919843
-23.5661598	-46.4087665
-23.656671499999998	-46.741468700000006
-23.671643300000003	-46.772749600000004
-23.4312857	-46.575058500000004
-23.666874	-46.7924898
-23.7171646	-46.765463200000006
-23.5967402	-46.5949857
-23.5088352	-46.3980422
-23.8483668	-46.6970564
-23.5509786	-46.628255100000004
-23.5471595	-46.6365732
-23.7798487	-46.674057899999994
-23.8743323	-46.6489361
-23.6414076	-46.77156179999999
-23.8319419	-46.71193040000001
-23.513849	-46.531837700000004
-23.7880492	-46.7222204
-23.6602133	-46.650443
-23.6547107	-46.78454060000001
-23.4871521	-46.43217749999999
-23.821353	-46.673458000000004
-23.906664399999997	-46.7079458
-23.6221715	-46.745841600000006
-23.840803899999997	-46.734928000000004
-23.663079500000002	-46.762355
-23.6532552	-46.78993320000001
-23.8687296	-46.753003
-23.6579467	-46.7753963
-23.850478600000002	-46.713282899999996
-23.8805586	-46.741558500000004
-23.868738399999998	-46.6782227
-23.491647699999998	-46.504590500000006
-23.5221372	-46.4692967
-23.617095199999998	-46.7181842
-23.774841100000003	-46.7010695
-23.4876566	-46.44915719999999
-23.7639671	-46.707412899999994
-23.455007199999997	-46.7105555
-23.570538	-46.6115553
-23.7099032	-46.71185209999999
-23.5532005	-46.67344629999999
-23.4734032	-46.6840088
-23.5877109	-46.4920295
-23.5709198	-46.5755075
-23.603850199999997	-46.62348799999999
-23.5614377	-46.55281129999999
-23.516268300000004	-46.60536810000001
-23.6785496	-46.644627
-23.5909888	-46.6090233
-23.611491100000002	-46.49400929999999
-23.497078100000003	-46.4402295
-23.453937300000003	-46.682840399999996
-23.4642145	-46.6546145
-23.4312857	-46.787648100000006
-23.5001716	-46.51682659999999
-23.5792987	-46.6748141
-23.7114735	-46.70031780000001
-23.598795000000003	-46.6397055
-23.4489663	-46.5961289
-23.5855969	-46.7323157
-23.6136235	-46.5937525
-23.636989	-46.7795195
-23.683928	-46.759170700000006
-23.6606813	-46.7437523
-23.6695044	-46.7562815
-23.694969699999998	-46.676822200000004
-23.6472033	-46.7568419
-23.526531600000002	-46.5507584
-23.6287645	-46.70774890000001
-23.475279699999998	-46.64171839999999
-23.4686977	-46.6033936
-23.5248373	-46.6517329
-23.566501300000002	-46.3926396
-23.677735100000003	-46.652069700000006
-23.556825699999997	-46.460423999999996
-23.467731399999998	-46.658824200000005
-23.6544837	-46.664039700000004
-23.4351529	-46.72783889999999
-23.678995	-46.6400376
-23.4963539	-46.5683404
-23.6994133	-46.6401396
-23.5532051	-46.51506380000001
-23.613295899999997	-46.6945165
-23.5907988	-46.489472
-23.557891199999997	-46.412954299999996
-23.563712	-46.7438228
-23.492989399999995	-46.6715275
15597	3469	63.953
15597	3889	29.712
15597	3865	4.969
15597	3891	24.424
15597	3866	11.921
15597	3961	37.574
15597	3890	61.224
15597	3887	60.394
15597	3868	21.989
15597	3999	19.893
15597	4709	28.473
15597	5309	10.317
15597	6971	7.222
15597	7015	12.329
15597	6948	25.359
15597	8694	30.445
15597	9368	41.267
15597	9274	42.627
15597	9876	5.501
15597	11000	23.189
15597	11619	18.799
15597	12229	6.721
15597	12730	1.762
15597	13179	21.489
15597	13113	45.713
15597	13252	23.962
15597	13344	6.895
15597	13260	29.401
15597	13862	49.247
15597	15149	55.486
15597	15095	48.247
15597	16159	20.084
15597	16742	7.457
15597	16741	41.071
15597	17805	43.688
15597	18346	38.496
15597	18562	24.808
15597	28042	32.707
15597	28123	32.239
15597	28085	9.669
15597	28130	9.969
15597	28067	6.431
15597	28110	13.515
15597	28131	29.468
15597	28088	26.677
15597	28060	9.486
15597	28109	53.835
15597	28070	7.08
15597	28132	33.668
15597	28082	27.693
15597	28089	32.582
15597	28050	17.847
15597	28071	7.326
15597	28064	22.76
15597	28101	5.383
15597	28127	9.11
15597	28102	52.472
15597	28073	3.045
15597	28129	22.603
15597	28046	8.181
15597	28066	20.619
15597	28112	18.933
15597	28069	17.432
15597	28116	42.685
15597	28049	16.767
15597	28041	13.583
15597	28094	17.55
15597	28099	50.045
15597	28048	6.008
15597	28117	17.271
15597	28103	64.684
15597	28058	12.753
15597	28061	71.909
15597	28072	21.062
15597	28111	8.698
15597	28142	19.424
15597	28107	11.959
15597	28044	9.406
15597	28124	8.341
15597	28047	2.437
15597	28143	12.786
15597	28043	30.828
15597	28051	60.547
15597	28040	12.087
15597	28086	40.325
15597	28065	25.829
15597	28566	39.762
15597	28571	58.887
15597	28477	18.51
15597	28476	15.87
15597	28579	8.121
15597	29702	9.542
15597	29777	9.774
15597	32097	10.142
15597	32093	18.772
15597	32096	17.488
15597	32094	26.299
15597	32095	54.635
15597	32091	13.967
15597	32090	22.463
15597	32098	23.549
15597	32498	28.795
15597	32494	10.468
15597	32873	33.14
15597	32872	32.261
15597	32818	10.605
15597	35788	33.817
15597	35729	65.401
15597	35754	15.842
15597	35722	36.547
15597	35870	36.041
15597	36143	20.223
15597	38295	7.308
15597	38389	15.334
15597	38252	12.62
15597	38064	15.613
15597	38062	43.769
15597	38049	8.216
15597	38063	29.7
15597	38058	21.804
15597	38061	68.037
15597	38249	22.767
15597	38052	9.458
15597	38236	13.133
15597	38060	17.247
15597	38067	22.377
15597	38287	13.671
15597	38111	31.925
15597	38297	31.069
15597	38053	25.937
15597	38250	26.583
15597	38065	20.008
15597	38051	-1
15597	38050	16.322
15597	38069	13.963
15597	38059	10.572
15597	38245	17.913
15597	38395	11.583
15597	38066	21.084
15597	38386	18.013
15597	38604	60.831
15597	38483	4.084
15597	38642	36.941
15597	38552	8.126
15597	38513	15.979
15597	38643	8.321
15597	38573	7.253
15597	38646	21.556
15597	38459	14.451
15597	38603	3.411
15597	38486	7.939
15597	38554	14.661
15597	38644	20.691
15597	38602	55.834
15597	38453	12.784
15597	38484	29.888
15597	42788	21.352
15597	42786	4.64
15597	42783	21.501
15597	42780	14.179
15597	42790	10.458
15597	42778	32.439
15597	42784	4.716
15597	42787	24.395
15597	42781	2.468
15597	42779	12.456
15597	42785	11.078
15597	42789	6.062
15597	42782	6.809
15597	43146	31.856
15597	43087	26.107
15597	43120	44.782
15597	43046	51.413
15597	43011	27.862
15597	43007	55.879
15597	43102	23.346
15597	43153	35.433
15597	43021	5.078
15597	43031	10.828
15597	43125	25.445
15597	43145	31.414
15597	43113	41.556
15597	43135	31.677
15597	43154	11.082
15597	43137	4.912
15597	43008	1.804
15597	43059	38.218
15597	43022	13.367
15597	43064	3.537
15597	43060	4.405
15597	43126	41.245
15597	43117	24.02
15597	43123	10.499
15597	43134	16.907
15597	43050	55.408
15597	43127	14.766
15597	43133	28.05
15597	43094	11.198
15597	42853	45.502
15597	43111	49.982
15597	43131	3.16
15597	43115	23.15
15597	43121	6.721
15597	43068	33.692
15597	43152	76.025
15597	43029	67.253
15597	43142	24.324
15597	43083	9.687
15597	43088	31.802
15597	43028	17.566
15597	43020	52.561
15597	43104	60.893
15597	43122	11.656
15597	43078	26.971
15597	43036	44.105
15597	43114	28.648
15597	43116	35.096
15597	43092	11.577
15597	43034	18.907
15597	43095	12.006
15597	43009	27.766
15597	43084	50.535
15597	43042	53.45
15597	43147	49.383
15597	43067	6.745
15597	43148	27.918
15597	43030	10.641
15597	43129	9.099
15597	43027	10.454
15597	43076	13.882
15597	43019	15.043
15597	43057	52.313
15597	43124	36.205
15597	43110	16.946
15597	43072	11.753
15597	43063	15.776
15597	42924	14.981
15597	43109	14.709
15597	43081	22.661
15597	43054	53.861
15597	42925	6.333
15597	43075	36.603
15597	43090	36.4
15597	43099	15.951
15597	43139	35.043
15597	43035	26.036
15597	43044	64.245
15597	43096	11.086
15597	43149	25.965
15597	43089	49.345
15597	43100	11.827
15597	43012	52.399
15597	43150	29.636
15597	43023	14.039
15597	43079	266.83
15597	43077	40.572
15597	43070	31.035
15597	43056	17.645
15597	43066	12.774
15597	43098	42.691
15597	43005	23.615
15597	43062	11.672
15597	43024	65.346
15597	42926	38.102
15597	43103	14.698
15597	43085	46.27
15597	43091	27.932
15597	43038	10.253
15597	43118	5.694
15597	43047	29.36
15597	43033	12.97
15597	43071	16.358
15597	43112	6.169
15597	43013	40.535
15597	43017	9.56
15597	43141	23.979
15597	43051	28.65
15597	43065	70.749
15597	43032	62.779
15597	43052	13.461
15597	43132	17.593
15597	43136	29.898
15597	43086	10.619
15597	43037	59.79
15597	43015	27.522
15597	43058	57.162
15597	43018	1.56
15597	43101	34.809
15597	43045	12.333
15597	43080	27.932
15597	42927	2.793
15597	43016	4.868
15597	43138	14.225
15597	43108	55.373
15597	43106	30.095
15597	42923	59.189
15597	43069	15.984
15597	43040	11.62
15597	43061	9.616
15597	43119	33.009
15597	43025	29.379
15597	43043	14.866
15597	43107	9.852
15597	43073	14.764
15597	42854	12.921
15597	43055	54.33
15597	43082	25.874
15597	43151	27.952
15597	43156	67.237
15597	43143	28.369
15597	43130	2.739
15597	43097	51.509
15597	43144	26.618
15597	43048	57.148
15597	43041	28.399
15597	43155	49.823
15597	43039	64.405
15597	43026	32.295
15597	43093	56.73
15597	43006	2.217
15597	43049	8.222
15597	43053	42.827
15597	43010	15.912
15597	43105	22.952
15597	43074	58.994
15597	43014	39.38
15597	43128	5.743
15597	43140	7.644
15597	43378	12.914
15597	43319	5.821
15597	43530	33.528
15597	43282	10.572
15597	43298	52.832
15597	43275	52.349
15597	43491	58.304
15597	43309	56.104
15597	43314	14.214
15597	43555	39.89
15597	43560	18.043
15597	43274	51.435
15597	43997	58.067
15597	43893	30.521
15597	43713	23.51
15597	43763	21.3
15597	43631	14.81
15597	43847	30.785
15597	43833	32.762
15597	43630	13.59
15597	44254	46.249
15597	44398	7.925
15597	44059	33.18
15597	44397	13.918
15597	44072	29.554
15597	44253	50.565
15597	44092	61.053
15597	44395	14.393
15597	44394	48.201
15597	44018	45.351
15597	44019	41.214
15597	44027	14.221
15597	44071	39.128
15597	44396	53.277
15597	44028	48.535
15597	44041	65.803
15597	44285	65.205
15597	44399	7.158
15597	44073	11.65
15597	44074	14.136
15597	44417	52.143
15597	44405	3.583
15597	44411	16.412
15597	44415	8.322
15597	44419	6.521
15597	44408	4.673
15597	44414	5.663
15597	44410	51.57
15597	44407	11.093
15597	44409	13.665
15597	44558	31.373
15597	44404	20.184
15597	44406	5.379
15597	44413	53.211
15597	44418	9.619
15597	44403	26.641
15597	44420	16.261
15597	44421	13.142
15597	44416	15.22
15597	44412	3.396
15597	44402	13.029
15597	44522	49.202
15597	45028	53.525
15597	44973	21.53
15597	44972	54.863
15597	45071	59.799
15597	44846	19.949
15597	45436	13.207
15597	45258	77.129
15597	45217	15.559
15597	45310	16.791
15597	45441	66.749
15597	45515	84.352
15597	45287	52.614
15597	45517	73.616
15597	45365	6.033
15597	45518	68.042
15597	45339	31.456
15597	45556	54.39
15597	45443	11.711
15597	45309	71.617
15597	45520	85.908
15597	45512	49.521
15597	45522	73.008
15597	45232	52.213
15597	45366	59.11
15597	45516	77.875
15597	45575	52.773
15597	45519	74.854
15597	45257	79.746
15597	45521	80.543
15597	45823	7.003
15597	45602	4.48
15597	45783	45.138
15597	46119	64.783
15597	46188	10.456
15597	46354	63.118
15597	46194	30.983
15597	46512	16.652
15597	46500	38.435
15597	46567	20.961
15597	47567	26.928
15597	47514	8.807
15597	47515	13.829
15597	47565	21.467
15597	47569	11.484
15597	47570	14.192
15597	47566	33.865
15597	47568	19.419
15597	47919	11.959
15597	47916	9.976
15597	47880	30.7
15597	47921	25.909
15597	47920	43.688
15597	47918	6.721
15597	47674	23.39
15597	47964	56.454
15597	47850	22.886
15597	47923	20.234
15597	47925	41.666
15597	47915	23.346
15597	47647	59.754
15597	47678	53.768
15597	47914	49.836
15597	47980	53.858
15597	47913	35.084
15597	47657	50.038
15597	47803	7.93
15597	47673	44.844
15597	47922	24.424
15597	47924	20.184
15597	47865	20.575
15597	47917	14.594
15597	48063	33.14
15597	48137	5.722
15597	48186	26.093
15597	48660	29.902
15597	48541	41.653
15597	48633	33.58
15597	49473	12.979
15597	49313	41.01
15597	49059	3.882
15597	49153	43.835
15597	50966	9.177
15597	50604	13.444
15597	50448	36.193
15597	1633	24.682
16159	3469	56.38
16159	3889	15.139
16159	3865	23.08
16159	3891	6.152
16159	3866	17.878
16159	3961	49.341
16159	3890	53.651
16159	3887	52.821
16159	3868	9.898
16159	3999	25.559
16159	4709	9.8
16159	5309	25.305
16159	6971	28.725
16159	7015	30.349
16159	6948	29.557
16159	8694	26.429
16159	9368	33.694
16159	9274	35.054
16159	9876	20.697
16159	11000	3.752
16159	11619	22.708
16159	12229	17.896
16159	12730	23.583
16159	13179	25.398
16159	13113	38.14
16159	13252	8.445
16159	13344	21.587
16159	13260	21.828
16159	13862	41.674
16159	15149	47.913
16159	15095	40.673
16159	15597	22.12
16159	16742	23.084
16159	16741	53.462
16159	17805	36.114
16159	18346	30.923
16159	18562	16.528
16159	28042	28.692
16159	28123	28.135
16159	28085	24.658
16159	28130	27.968
16159	28067	33.261
16159	28110	26.429
16159	28131	25.453
16159	28088	41.069
16159	28060	25.845
16159	28109	46.262
16159	28070	33.553
16159	28132	32.613
16159	28082	31.891
16159	28089	25.009
16159	28050	29.352
16159	28071	33.213
16159	28064	7.468
16159	28101	17.772
16159	28127	24.099
16159	28102	44.899
16159	28073	22.241
16159	28129	28.56
16159	28046	16.661
16159	28066	12.34
16159	28112	10.47
16159	28069	14.724
16159	28116	35.112
16159	28049	3.32
16159	28041	31.603
16159	28094	13.102
16159	28099	42.472
16159	28048	18.183
16159	28117	8.941
16159	28103	57.111
16159	28058	31.092
16159	28061	64.336
16159	28072	9.052
16159	28111	23.686
16159	28142	23.332
16159	28107	30.777
16159	28044	28.934
16159	28124	23.143
16159	28047	22.639
16159	28143	30.806
16159	28043	26.813
16159	28051	52.974
16159	28040	29.963
16159	28086	32.752
16159	28065	18.256
16159	28566	32.189
16159	28571	51.314
16159	28477	6.83
16159	28476	35.645
16159	28579	23.819
16159	29702	34.276
16159	29777	19.114
16159	32097	25.13
16159	32093	15.035
16159	32096	36.018
16159	32094	6.81
16159	32095	47.062
16159	32091	32.306
16159	32090	8.672
16159	32098	9.215
16159	32498	8.54
16159	32494	13.173
16159	32873	29.124
16159	32872	28.246
16159	32818	25.593
16159	35788	29.802
16159	35729	57.828
16159	35754	21.799
16159	35722	49.007
16159	35870	32.026
16159	36143	2.455
16159	38295	26.74
16159	38389	35.109
16159	38252	30.64
16159	38064	35.388
16159	38062	36.196
16159	38049	34.689
16159	38063	22.127
16159	38058	3.096
16159	38061	60.464
16159	38249	28.544
16159	38052	24.447
16159	38236	12.635
16159	38060	43.719
16159	38067	2.94
16159	38287	33.446
16159	38111	27.91
16159	38297	27.212
16159	38053	10.382
16159	38250	30.68
16159	38065	6.641
16159	38051	-1
16159	38050	31.305
16159	38069	7.132
16159	38059	26.23
16159	38245	3.495
16159	38395	25.134
16159	38066	10.039
16159	38386	44.932
16159	38604	53.257
16159	38483	21.749
16159	38642	29.368
16159	38552	30.761
16159	38513	6.327
16159	38643	29.658
16159	38573	26.891
16159	38646	5.246
16159	38459	5.556
16159	38603	20.321
16159	38486	25.526
16159	38554	4.694
16159	38644	10.313
16159	38602	48.261
16159	38453	30.982
16159	38484	25.873
16159	42788	13.072
16159	42786	19.791
16159	42783	5.641
16159	42780	10.639
16159	42790	21.08
16159	42778	28.424
16159	42784	31.865
16159	42787	32.795
16159	42781	20.944
16159	42779	11.812
16159	42785	25.904
16159	42789	17.211
16159	42782	17.295
16159	43146	24.283
16159	43087	18.881
16159	43120	37.208
16159	43046	43.839
16159	43011	13.289
16159	43007	48.306
16159	43102	27.544
16159	43153	45.455
16159	43021	18.155
16159	43031	35.788
16159	43125	29.543
16159	43145	23.84
16159	43113	16.293
16159	43135	17.767
16159	43154	37.555
16159	43137	18.07
16159	43008	21.066
16159	43059	19.318
16159	43022	39.84
16159	43064	23.004
16159	43060	20.186
16159	43126	37.23
16159	43117	29.977
16159	43123	30.825
16159	43134	4.992
16159	43050	47.835
16159	43127	4.87
16159	43133	20.477
16159	43094	29.035
16159	42853	37.929
16159	43111	42.409
16159	43131	19.787
16159	43115	14.87
16159	43121	33.194
16159	43068	29.677
16159	43152	68.452
16159	43029	59.68
16159	43142	11.937
16159	43083	24.676
16159	43088	24.228
16159	43028	44.039
16159	43020	44.988
16159	43104	53.32
16159	43122	35.918
16159	43078	31.168
16159	43036	40.089
16159	43114	21.075
16159	43116	48.668
16159	43092	13.094
16159	43034	3.73
16159	43095	29.843
16159	43009	9.672
16159	43084	42.962
16159	43042	45.877
16159	43147	41.81
16159	43067	22.288
16159	43148	14.051
16159	43030	37.114
16159	43129	21.705
16159	43027	13.947
16159	43076	31.654
16159	43019	31.387
16159	43057	44.74
16159	43124	28.632
16159	43110	30.097
16159	43072	33.066
16159	43063	34.217
16159	42924	41.453
16159	43109	36.277
16159	43081	26.859
16159	43054	46.288
16159	42925	35.212
16159	43075	29.03
16159	43090	32.385
16159	43099	34.29
16159	43139	31.027
16159	43035	22.021
16159	43044	56.672
16159	43096	34.176
16159	43149	18.392
16159	43089	41.772
16159	43100	27.372
16159	43012	44.826
16159	43150	13.568
16159	43023	35.359
16159	43079	259.257
16159	43077	36.557
16159	43070	12.361
16159	43056	21.747
16159	43066	32.549
16159	43098	35.118
16159	43005	10.677
16159	43062	33.842
16159	43024	57.773
16159	42926	22.386
16159	43103	4.991
16159	43085	38.696
16159	43091	21.41
16159	43038	34.516
16159	43118	16.804
16159	43047	11.986
16159	43033	28.255
16159	43071	42.831
16159	43112	27.553
16159	43013	36.52
16159	43017	30.233
16159	43141	19.964
16159	43051	14.076
16159	43065	63.176
16159	43032	55.206
16159	43052	7.54
16159	43132	6.339
16159	43136	22.325
16159	43086	29.001
16159	43037	52.217
16159	43015	19.949
16159	43058	49.589
16159	43018	21.338
16159	43101	27.236
16159	43045	37.293
16159	43080	21.41
16159	42927	21.025
16159	43016	33.657
16159	43138	5.411
16159	43108	47.8
16159	43106	13.282
16159	42923	51.616
16159	43069	3.616
16159	43040	33.942
16159	43061	33.178
16159	43119	28.994
16159	43025	21.806
16159	43043	26.937
16159	43107	25.475
16159	43073	35.343
16159	42854	35.529
16159	43055	46.756
16159	43082	18.301
16159	43151	20.379
16159	43156	59.663
16159	43143	10.449
16159	43130	19.317
16159	43097	43.936
16159	43144	19.045
16159	43048	49.575
16159	43041	20.826
16159	43155	42.25
16159	43039	56.831
16159	43026	16.168
16159	43093	49.156
16159	43006	23.882
16159	43049	28.522
16159	43053	35.254
16159	43010	42.385
16159	43105	18.937
16159	43074	51.421
16159	43014	31.807
16159	43128	17.221
16159	43140	22.632
16159	43378	36.771
16159	43319	34.61
16159	43530	29.513
16159	43282	26.23
16159	43298	45.259
16159	43275	44.776
16159	43491	50.73
16159	43309	48.531
16159	43314	40.687
16159	43555	32.317
16159	43560	44.516
16159	43274	43.862
16159	43997	50.494
16159	43893	22.948
16159	43713	6.547
16159	43763	26.053
16159	43631	33.149
16159	43847	23.212
16159	43833	28.747
16159	43630	31.749
16159	44254	38.676
16159	44398	34.398
16159	44059	29.798
16159	44397	29.77
16159	44072	21.98
16159	44253	42.992
16159	44092	53.479
16159	44395	29.382
16159	44394	40.628
16159	44018	37.778
16159	44019	33.641
16159	44027	40.694
16159	44071	20.759
16159	44396	45.704
16159	44028	40.962
16159	44041	58.23
16159	44285	57.631
16159	44399	33.631
16159	44073	38.123
16159	44074	30.596
16159	44417	44.57
16159	44405	19.297
16159	44411	32.164
16159	44415	24.422
16159	44419	32.231
16159	44408	30.728
16159	44414	30.801
16159	44410	43.996
16159	44407	36.842
16159	44409	38.646
16159	44558	27.358
16159	44404	0.683
16159	44406	27.554
16159	44413	45.638
16159	44418	31.789
16159	44403	13.695
16159	44420	42.734
16159	44421	29.107
16159	44416	41.693
16159	44412	21.891
16159	44402	39.502
16159	44522	41.628
16159	45028	45.952
16159	44973	6.284
16159	44972	47.29
16159	45071	52.226
16159	44846	25.437
16159	45436	34.292
16159	45258	69.556
16159	45217	12.13
16159	45310	12.769
16159	45441	59.176
16159	45515	76.779
16159	45287	45.041
16159	45517	66.043
16159	45365	16.592
16159	45518	60.469
16159	45339	27.441
16159	45556	46.817
16159	45443	28.764
16159	45309	64.044
16159	45520	78.335
16159	45512	41.947
16159	45522	65.435
16159	45232	44.64
16159	45366	51.537
16159	45516	70.302
16159	45575	45.2
16159	45519	67.281
16159	45257	72.173
16159	45521	72.969
16159	45823	19.276
16159	45602	31.306
16159	45783	37.565
16159	46119	57.21
16159	46188	26.57
16159	46354	55.545
16159	46194	16.521
16159	46512	15.229
16159	46500	48.457
16159	46567	16.316
16159	47567	11.167
16159	47514	23.796
16159	47515	19.786
16159	47565	21.381
16159	47569	20.905
16159	47570	7.866
16159	47566	29.85
16159	47568	25.589
16159	47919	30.777
16159	47916	28.903
16159	47880	12.263
16159	47921	7.295
16159	47920	36.114
16159	47918	17.896
16159	47674	19.374
16159	47964	48.881
16159	47850	18.871
16159	47923	2.466
16159	47925	34.093
16159	47915	27.544
16159	47647	52.181
16159	47678	46.195
16159	47914	42.262
16159	47980	46.285
16159	47913	47.544
16159	47657	42.465
16159	47803	14.259
16159	47673	37.271
16159	47922	6.152
16159	47924	0.683
16159	47865	12.296
16159	47917	41.067
16159	48063	29.124
16159	48137	34.511
16159	48186	8.044
16159	48660	25.887
16159	48541	17.639
16159	48633	29.565
16159	49473	6.69
16159	49313	36.995
16159	49059	19.556
16159	49153	36.262
16159	50966	24.166
16159	50604	38.335
16159	50448	28.62
16159	1633	9.391
16742	3469	39.476
16742	3889	29.114
16742	3865	7.716
16742	3891	23.826
16742	3866	6.815
16742	3961	32.54
16742	3890	37.471
16742	3887	59.796
16742	3868	21.391
16742	3999	10.568
16742	4709	27.876
16742	5309	9.244
16742	6971	25.159
16742	7015	8.96
16742	6948	14.565
16742	8694	19.532
16742	9368	40.669
16742	9274	42.029
16742	9876	15.431
16742	11000	22.592
16742	11619	5.954
16742	12229	12.543
16742	12730	8.415
16742	13179	7.1
16742	13113	45.115
16742	13252	23.364
16742	13344	3.728
16742	13260	28.803
16742	13862	48.65
16742	15149	54.888
16742	15095	47.649
16742	15597	8.224
16742	16159	19.486
16742	16741	36.037
16742	17805	43.09
16742	18346	37.898
16742	18562	24.21
16742	28042	22.569
16742	28123	20.501
16742	28085	6.957
16742	28130	5.712
16742	28067	13.487
16742	28110	5.837
16742	28131	20.79
16742	28088	37.487
16742	28060	3.959
16742	28109	53.238
16742	28070	14.248
16742	28132	17.621
16742	28082	16.899
16742	28089	31.984
16742	28050	13.29
16742	28071	14.119
16742	28064	22.162
16742	28101	6.796
16742	28127	5.852
16742	28102	51.875
16742	28073	7.072
16742	28129	13.568
16742	28046	11.309
16742	28066	20.021
16742	28112	18.335
16742	28069	15.003
16742	28116	42.087
16742	28049	16.778
16742	28041	10.214
16742	28094	15.12
16742	28099	49.447
16742	28048	3.102
16742	28117	14.91
16742	28103	40.207
16742	28058	15.652
16742	28061	48.157
16742	28072	20.464
16742	28111	6.605
16742	28142	6.937
16742	28107	9.389
16742	28044	25.367
16742	28124	4.769
16742	28047	11.55
16742	28143	9.417
16742	28043	22.89
16742	28051	59.949
16742	28040	14.524
16742	28086	39.727
16742	28065	25.231
16742	28566	39.164
16742	28571	58.29
16742	28477	16.139
16742	28476	32.063
16742	28579	2.73
16742	29702	16.636
16742	29777	4.907
16742	32097	7.772
16742	32093	18.247
16742	32096	20.579
16742	32094	25.701
16742	32095	54.037
16742	32091	16.866
16742	32090	21.865
16742	32098	22.951
16742	32498	28.197
16742	32494	9.87
16742	32873	23.002
16742	32872	27.741
16742	32818	7.893
16742	35788	27.613
16742	35729	40.924
16742	35754	7.217
16742	35722	27.549
16742	35870	27.459
16742	36143	19.625
16742	38295	24.449
16742	38389	31.528
16742	38252	9.251
16742	38064	31.806
16742	38062	23.111
16742	38049	15.015
16742	38063	29.102
16742	38058	21.206
16742	38061	44.284
16742	38249	13.552
16742	38052	6.746
16742	38236	10.703
16742	38060	21.514
16742	38067	21.779
16742	38287	29.865
16742	38111	18.362
16742	38297	20.735
16742	38053	25.339
16742	38250	15.689
16742	38065	17.637
16742	38051	-1
16742	38050	15.865
16742	38069	13.71
16742	38059	23.43
16742	38245	17.316
16742	38395	5.074
16742	38066	20.486
16742	38386	41.351
16742	38604	60.233
16742	38483	11.869
16742	38642	36.344
16742	38552	15.455
16742	38513	14.432
16742	38643	15.651
16742	38573	15.745
16742	38646	20.958
16742	38459	14.554
16742	38603	5.153
16742	38486	25.016
16742	38554	14.063
16742	38644	20.094
16742	38602	55.236
16742	38453	27.401
16742	38484	15.895
16742	42788	20.754
16742	42786	4.622
16742	42783	19.13
16742	42780	11.749
16742	42790	3.948
16742	42778	27.321
16742	42784	11.52
16742	42787	39.77
16742	42781	12.123
16742	42779	10.026
16742	42785	5.569
16742	42789	3.307
16742	42782	11.583
16742	43146	31.259
16742	43087	25.509
16742	43120	44.184
16742	43046	50.815
16742	43011	27.264
16742	43007	55.281
16742	43102	12.553
16742	43153	30.4
16742	43021	12.513
16742	43031	17.631
16742	43125	14.551
16742	43145	30.816
16742	43113	40.958
16742	43135	31.08
16742	43154	17.591
16742	43137	5.143
16742	43008	5.898
16742	43059	37.62
16742	43022	19.923
16742	43064	11.842
16742	43060	10.211
16742	43126	24.569
16742	43117	14.985
16742	43123	17.828
16742	43134	15.205
16742	43050	54.81
16742	43127	15.024
16742	43133	27.453
16742	43094	7.83
16742	42853	24.385
16742	43111	25.596
16742	43131	6.381
16742	43115	22.553
16742	43121	12.027
16742	43068	28.691
16742	43152	52.272
16742	43029	42.776
16742	43142	23.726
16742	43083	8.615
16742	43088	31.204
16742	43028	21.833
16742	43020	51.963
16742	43104	37.14
16742	43122	18.467
16742	43078	16.177
16742	43036	27.455
16742	43114	28.05
16742	43116	28.823
16742	43092	10.682
16742	43034	18.309
16742	43095	8.638
16742	43009	27.168
16742	43084	49.937
16742	43042	52.852
16742	43147	48.785
16742	43067	6.848
16742	43148	27.32
16742	43030	14.39
16742	43129	2.338
16742	43027	9.857
16742	43076	10.265
16742	43019	15.947
16742	43057	51.715
16742	43124	35.607
16742	43110	14.035
16742	43072	29.484
16742	43063	30.635
16742	42924	20.532
16742	43109	32.696
16742	43081	11.867
16742	43054	53.263
16742	42925	12.557
16742	43075	36.005
16742	43090	25.44
16742	43099	18.85
16742	43139	28.082
16742	43035	20.913
16742	43044	39.769
16742	43096	18.415
16742	43149	25.367
16742	43089	48.748
16742	43100	6.663
16742	43012	51.801
16742	43150	29.038
16742	43023	31.777
16742	43079	266.232
16742	43077	23.65
16742	43070	30.437
16742	43056	17.047
16742	43066	28.967
16742	43098	42.093
16742	43005	23.017
16742	43062	18.209
16742	43024	40.869
16742	42926	37.504
16742	43103	14.1
16742	43085	45.672
16742	43091	16.891
16742	43038	17.064
16742	43118	5.712
16742	43047	28.762
16742	43033	7.545
16742	43071	23.522
16742	43112	15.093
16742	43013	26.971
16742	43017	16.889
16742	43141	22.612
16742	43051	28.052
16742	43065	46.996
16742	43032	62.181
16742	43052	13.013
16742	43132	16.996
16742	43136	29.3
16742	43086	25.435
16742	43037	59.192
16742	43015	26.924
16742	43058	56.564
16742	43018	7.015
16742	43101	34.211
16742	43045	19.136
16742	43080	16.891
16742	42927	12.752
16742	43016	9.662
16742	43138	15.157
16742	43108	54.775
16742	43106	29.497
16742	42923	58.591
16742	43069	15.386
16742	43040	30.36
16742	43061	16.945
16742	43119	27.976
16742	43025	28.781
16742	43043	11.497
16742	43107	23.976
16742	43073	31.762
16742	42854	19.732
16742	43055	53.732
16742	43082	25.276
16742	43151	27.355
16742	43156	42.76
16742	43143	27.771
16742	43130	8.563
16742	43097	50.911
16742	43144	26.02
16742	43048	56.55
16742	43041	27.801
16742	43155	49.226
16742	43039	40.652
16742	43026	31.697
16742	43093	56.132
16742	43006	10.29
16742	43049	13.082
16742	43053	42.229
16742	43010	21.825
16742	43105	20.061
16742	43074	35.241
16742	43014	38.782
16742	43128	6.797
16742	43140	6.263
16742	43378	19.717
16742	43319	12.247
16742	43530	23.712
16742	43282	23.43
16742	43298	52.234
16742	43275	51.751
16742	43491	57.706
16742	43309	55.507
16742	43314	20.723
16742	43555	39.292
16742	43560	22.31
16742	43274	50.837
16742	43997	57.469
16742	43893	29.923
16742	43713	22.912
16742	43763	11.062
16742	43631	17.709
16742	43847	30.187
16742	43833	27.728
16742	43630	16.309
16742	44254	45.651
16742	44398	13.887
16742	44059	21.208
16742	44397	26.189
16742	44072	28.956
16742	44253	49.968
16742	44092	60.455
16742	44395	13.32
16742	44394	47.603
16742	44018	44.754
16742	44019	40.616
16742	44027	20.73
16742	44071	38.53
16742	44396	52.679
16742	44028	47.937
16742	44041	42.05
16742	44285	64.607
16742	44399	12.628
16742	44073	18.159
16742	44074	15.156
16742	44417	51.545
16742	44405	8.918
16742	44411	16.724
16742	44415	8.982
16742	44419	13.85
16742	44408	12.82
16742	44414	13.303
16742	44410	50.972
16742	44407	17.538
16742	44409	21.44
16742	44558	19.401
16742	44404	19.604
16742	44406	11.971
16742	44413	52.613
16742	44418	16.948
16742	44403	26.044
16742	44420	21.168
16742	44421	8.546
16742	44416	20.771
16742	44412	6.723
16742	44402	19.539
16742	44522	48.604
16742	45028	52.927
16742	44973	20.932
16742	44972	54.265
16742	45071	59.201
16742	44846	10.445
