476	226100
-23.7692218	-46.6986378
-23.4613107	-46.7050152
-23.562638600000003	-46.4924293
-23.475279699999998	-46.64171839999999
-23.553746899999997	-46.5799659
-23.7148062	-46.687261
-23.7439673	-46.7035484
-23.642293399999996	-46.7808237
-23.505215300000003	-46.670571200000005
-23.596661899999997	-46.592506
-23.461758	-46.67329669999999
-23.59926	-46.48333220000001
-23.508047	-46.463784999999994
-23.6173747	-46.5075657
-23.633556600000002	-46.6125815
-23.6524292	-46.6379878
-23.4316755	-46.781722200000004
-23.5980545	-46.734665500000006
-23.5022036	-46.493882799999994
-23.4623178	-46.6296539
-23.588589199999998	-46.5602034
-23.5001716	-46.51682659999999
-23.545006	-46.486847
-23.605091100000003	-46.555048600000006
-23.584770000000002	-46.7909549
-23.476943600000002	-46.659091100000005
-23.5733437	-46.51583970000001
-23.514091	-46.746573600000005
-23.5926537	-46.78364029999999
-23.675942300000003	-46.792129700000004
-23.600726	-46.795369
-23.537767600000002	-46.4918694
-23.4649947	-46.6048435
-23.5700464	-46.5346103
-23.742701899999997	-46.686249100000005
-23.4312857	-46.787648100000006
-23.575964000000003	-46.7752597
-23.538498800000003	-46.689203899999995
-23.673062100000003	-46.649359600000004
-23.664036	-46.64544249999999
-23.6010052	-46.508021
-23.5920172	-46.5163348
-23.534011	-46.442704
-23.6038842	-46.532566100000004
-23.6483225	-46.66217169999999
-23.4849662	-46.34947329999999
-23.5896451	-46.5348143
-23.6611996	-46.786255100000005
-23.5406005	-46.4393013
-23.6573493	-46.6142714
-23.6492784	-46.610417
-23.543776	-46.744808899999995
-23.6265135	-46.463716399999996
-23.5273652	-46.4356029
-23.486717199999998	-46.6553196
-23.5234676	-46.5263225
-23.59393	-46.511768100000005
-23.665628100000003	-46.7629059
-23.552438100000003	-46.4875654
-23.6192424	-46.586948
-23.497513199999997	-46.530339
-23.5254174	-46.651586200000004
-23.526245	-46.64185699999999
-23.5696198	-46.6235888
-23.3999249	-46.7510521
-23.4777755	-46.5879396
-23.623600500000002	-46.4931968
-23.5569779	-46.6419089
-23.634695100000002	-46.7557907
-23.553051	-46.524581
-23.525999399999996	-46.62105469999999
-23.7696124	-46.6846632
-23.596712300000004	-46.4400751
-23.8294076	-46.7271197
-23.497700899999998	-46.6549657
-23.5900703	-46.4999829
-23.5964669	-46.5675552
-23.611491100000002	-46.49400929999999
-23.5025625	-46.4500403
-23.584112	-46.516525200000004
-23.5301733	-46.479950099999996
-23.6212232	-46.509203899999996
-23.6620771	-46.6696664
-23.730154000000002	-46.788790000000006
-23.594972199999997	-46.448771
-23.4095797	-46.7572385
-23.4933297	-46.7009633
-23.5770512	-46.7344906
-23.7146759	-46.7776059
-23.5036628	-46.6314982
-23.4949963	-46.38007229999999
-23.5795832	-46.528333399999994
-23.5304125	-46.42163239999999
-23.549223899999998	-46.56103220000001
-23.598771300000003	-46.495013
-23.5627032	-46.6492443
-23.6324091	-46.442922100000004
-23.4620523	-46.6510067
-23.6791553	-46.779512100000005
-23.603734399999997	-46.429937
-23.489500699999997	-46.66453320000001
-23.4818082	-46.667012899999996
-23.465073800000003	-46.661776
-23.5119775	-46.565870600000004
-23.677735100000003	-46.652069700000006
-23.6744815	-46.6659658
-23.6058427	-46.5033451
-23.6856033	-46.6614845
-23.744987100000003	-46.6688972
-23.5822951	-46.582716
-23.696527399999997	-46.6629361
-23.6875817	-46.656961200000005
-23.449079100000002	-46.59643699999999
-23.5009685	-46.462325899999996
-23.504260100000003	-46.3854192
-23.616484399999997	-46.4958125
-23.5115075	-46.3844534
-23.6192504	-46.6870232
-23.542674899999998	-46.43108050000001
-23.5317711	-46.720518799999994
-23.449117899999997	-46.6101824
-23.7923543	-46.7386132
-23.6127322	-46.6162809
-23.595907699999998	-46.5002225
-23.5510579	-46.5982348
-23.6032036	-46.40354689999999
-23.4606901	-46.6227544
-23.494482	-46.4005343
-23.6479362	-46.63833349999999
-23.6536227	-46.652257899999995
-23.4820294	-46.6786015
-23.638505	-46.6060326
-23.4943794	-46.637310299999996
34.4208305	-119.69819009999999
-23.616898199999998	-46.456936999999996
-23.499852399999998	-46.5904286
-23.486158800000002	-46.459833200000006
-23.461010199999997	-46.583310600000004
-23.5962688	-46.5462835
-23.504897500000002	-46.6594021
-23.505569899999998	-46.3666304
-23.7332873	-46.7834367
-23.513748	-46.4829339
-23.4467938	-46.753799
-23.5151358	-46.43300670000001
-23.498638699999997	-46.59683820000001
-23.5103129	-46.4464014
-23.4897451	-46.4915098
-23.435900600000004	-46.5807948
-23.4925308	-46.573097499999996
-23.551083300000002	-46.505941
-23.488993	-46.476532
-23.4862826	-46.5768925
-23.5093563	-46.6641566
-23.6835438	-46.775461299999996
-23.492223199999998	-46.4159711
-23.6307902	-46.62566899999999
-23.532037600000002	-46.6523697
-23.560184500000002	-46.5101297
-23.475870899999997	-46.6304113
-23.5381787	-46.612041999999995
-23.573782	-46.5593139
-23.6741311	-46.65957230000001
-23.5394751	-46.455195
-23.587430800000003	-46.6852683
-23.5231609	-46.4904707
-23.5374907	-46.595440999999994
-23.5998592	-46.5399968
-23.546588	-46.5319789
-23.5053517	-46.5209756
-23.482301500000002	-46.7470085
-23.5537496	-46.6910563
-23.5872032	-46.770333
-23.654064	-46.757468700000004
-23.4708759	-46.69199940000001
-23.6980537	-46.760393799999996
-23.6136235	-46.5937525
-23.6830009	-46.7115453
-23.512776000000002	-46.5138867
-23.543558100000002	-46.4094614
-23.629596499999998	-46.6049193
-23.5024688	-46.7611498
-23.4356435	-46.7180836
-23.455533	-46.71653509999999
-23.5605659	-46.423367799999994
-23.536713600000002	-46.527623999999996
-23.546647	-46.5003237
-23.452660100000003	-46.7309598
-23.5767171	-46.411556299999994
-23.5295429	-46.476192700000006
-23.5095558	-46.4970669
-23.7029949	-46.6358951
-23.633648	-46.589042
-23.5023707	-46.42256649999999
-23.493586899999997	-46.600653799999996
-23.692373899999996	-46.7574551
-23.4906455	-46.591483700000005
-23.532007800000002	-46.70109799999999
-23.610337899999998	-46.5094928
-23.6353546	-46.6991085
-23.647620899999996	-46.7017643
-23.5377509	-46.514444700000006
-23.529626	-46.67770360000001
-23.5498029	-46.448725399999994
-23.6824443	-46.6680309
-23.8540253	-46.7082778
-23.7323046	-46.660217200000005
-23.494543300000004	-46.6852655
-23.5915065	-46.4859133
-23.4890102	-46.7593497
-23.5977406	-46.3915711
-23.6462668	-46.7725291
-23.743203899999997	-46.711250899999996
-23.5372741	-46.40504979999999
-23.6448973	-46.59318349999999
-23.7106496	-46.65329209999999
-23.5140031	-46.719954200000004
-23.6909981	-46.6701895
-23.517538100000003	-46.5766328
-23.452653100000003	-46.585728
-23.615462899999997	-46.510587799999996
-23.4703738	-46.6739437
-23.6654027	-46.7357567
-23.678639399999998	-46.762637700000006
-23.6174452	-46.7457553
-23.572374	-46.503646200000006
-23.4767758	-46.703439
-23.5840956	-46.448913899999994
-23.5675456	-46.547269899999996
-23.5109607	-46.550818400000004
-23.6154435	-46.4880035
-23.61324	-46.4527789
-23.6557057	-46.771094700000006
-23.5622116	-46.7645351
-23.631319199999997	-46.458017600000005
-23.50466	-46.4101961
-23.4857544	-46.39402329999999
-23.5869799	-46.406795200000005
-23.5211862	-46.3887831
-23.6123592	-46.60379959999999
-23.6714841	-46.7795974
-23.5623918	-46.4573151
-23.572761399999997	-46.76103079999999
-23.6971785	-46.648838700000006
-23.615111199999998	-46.4178334
-23.6890099	-46.64962020000001
-23.6262088	-46.6667053
-23.7537347	-46.6708924
-23.5118689	-46.4156098
-23.528147	-46.69552879999999
-23.637915600000003	-46.749792
-23.604915899999998	-46.520962899999994
-23.636651899999997	-46.76394819999999
-23.4586975	-46.6965882
-23.520565899999998	-46.3998567
-24.526933399999997	-48.1082112
-23.7034891	-46.6279564
-23.4501861	-46.6848185
-23.4822423	-46.493317299999994
-23.500175199999997	-46.40876979999999
-23.6099845	-46.7055629
-23.497587799999998	-46.6774355
-23.521189	-46.4123914
-23.755372	-46.6592343
-23.4464702	-46.749049600000006
-23.477548000000002	-46.5684592
-23.616901199999997	-46.7231432
-23.6288207	-46.6463032
-23.5364862	-46.4173433
-23.5351193	-46.536968200000004
-23.4620757	-46.6907021
-23.6129326	-46.5228434
-23.5883176	-46.386665
-23.5040965	-46.47065629999999
-23.6910389	-46.640497700000004
-23.504887300000004	-46.4335375
-23.5926128	-46.6713283
-23.465853600000003	-46.6964265
-23.8176066	-46.705345
-23.7469313	-46.7778285
-23.5058803	-46.587990399999995
-23.451435600000003	-46.5725945
-23.4958492	-46.7452875
-23.494106100000003	-46.436422
-23.7189499	-46.7700864
-23.4934962	-46.725177
-23.6986258	-46.7715865
-23.5362328	-46.50338319999999
-23.562712899999998	-46.7516434
-23.5470987	-46.39595739999999
-23.6288207	-46.6463032
-23.5185943	-46.4922721
-23.5540726	-46.46503
-23.4923905	-46.5851658
-23.689124800000002	-46.766121999999996
-23.4546049	-46.6995339
-23.6344474	-46.7770278
-23.4747105	-46.5804149
-23.512391	-46.4091294
-23.5262326	-46.418097100000004
-23.6805646	-46.686512
-23.4703121	-46.7216601
-23.6019748	-46.472024499999996
-23.4925095	-46.4594682
-23.5157185	-46.3977973
-23.530155999999998	-46.3977869
-23.688607	-46.759491
-23.4952933	-46.71256760000001
-23.477222	-46.7112527
-23.7851135	-46.68367429999999
-23.4668961	-46.6807204
-23.523591800000002	-46.508683500000004
-23.657908399999997	-46.756290299999996
-23.487625	-46.71320739999999
-23.6924143	-46.787872899999996
-23.4776598	-46.720994399999995
-23.648489899999998	-46.7539377
-23.773180399999998	-46.7133929
-23.4465182	-46.714503
-23.6990141	-46.780815800000006
-23.5393133	-46.476159
-23.5769067	-46.456292600000005
-23.5946711	-46.7516391
-23.5837914	-46.3930809
-23.604434899999998	-46.65442909999999
-23.731625899999997	-46.7029229
-23.5790988	-46.714953
-23.5271431	-46.527922600000004
-23.5787961	-46.509925
-23.5434289	-46.392388200000006
-23.5594368	-46.460248
-23.682487	-46.657959399999996
-23.486158800000002	-46.459833200000006
-23.6786207	-46.7555327
-23.679552899999997	-46.748988700000005
-23.700374399999998	-46.7907109
-23.6933817	-46.7807543
-23.5634542	-46.396726799999996
-23.4149775	-46.7513499
-23.6087599	-46.39897
-23.671987100000003	-46.7459635
-23.6929205	-46.794497
-23.537253200000002	-46.7224954
-23.4192573	-46.5903814
-23.603779199999998	-46.5960692
-23.5950837	-46.42062070000001
-23.4959822	-46.7501471
-23.673602499999998	-46.6854196
-23.6070013	-46.44460549999999
-23.6165853	-46.7263429
-23.5494203	-46.432926
-23.672239899999997	-46.637519
-23.4790803	-46.4195595
-23.4898583	-46.73835769999999
-23.629338	-46.7547266
-23.7354565	-46.78872459999999
-23.625132	-46.4692235
-23.64286	-46.741453
-23.4393856	-46.7941145
-23.4374352	-46.77878079999999
-23.5723853	-46.3945758
-23.4417309	-46.734212299999996
-23.688231299999998	-46.74808489999999
-23.656157	-46.735580999999996
-23.783437600000003	-46.712428300000006
-23.770876	-46.705722200000004
-23.5537467	-46.444689200000006
-23.5641908	-46.4181196
-23.608209600000002	-46.4501764
-23.6812763	-46.7383655
-23.5178091	-46.5062691
-23.6215369	-46.4573672
-23.5777793	-46.4812593
-23.523816	-46.4473999
-23.5303521	-46.45903320000001
-23.5208112	-46.4640666
-23.6715991	-46.74705529999999
-23.5455579	-46.4155018
-23.5537329	-46.3985834
-23.660130600000002	-46.63701
-23.4686977	-46.6033936
-23.5030847	-46.484074299999996
-23.673816199999997	-46.7561227
-23.5161128	-46.4266133
-23.483822600000003	-46.7031959
-23.5885605	-46.3964948
-23.616267899999997	-46.516682700000004
-23.5804337	-46.40438049999999
-23.555004800000003	-46.4919843
-23.5661598	-46.4087665
-23.656671499999998	-46.741468700000006
-23.671643300000003	-46.772749600000004
-23.4312857	-46.575058500000004
-23.666874	-46.7924898
-23.7171646	-46.765463200000006
-23.5967402	-46.5949857
-23.5088352	-46.3980422
-23.8483668	-46.6970564
-23.5509786	-46.628255100000004
-23.5471595	-46.6365732
-23.7798487	-46.674057899999994
-23.8743323	-46.6489361
-23.6414076	-46.77156179999999
-23.8319419	-46.71193040000001
-23.513849	-46.531837700000004
-23.7880492	-46.7222204
-23.6602133	-46.650443
-23.6547107	-46.78454060000001
-23.4871521	-46.43217749999999
-23.821353	-46.673458000000004
-23.906664399999997	-46.7079458
-23.6221715	-46.745841600000006
-23.840803899999997	-46.734928000000004
-23.663079500000002	-46.762355
-23.6532552	-46.78993320000001
-23.8687296	-46.753003
-23.6579467	-46.7753963
-23.850478600000002	-46.713282899999996
-23.8805586	-46.741558500000004
-23.868738399999998	-46.6782227
-23.491647699999998	-46.504590500000006
-23.5221372	-46.4692967
-23.617095199999998	-46.7181842
-23.774841100000003	-46.7010695
-23.4876566	-46.44915719999999
-23.7639671	-46.707412899999994
-23.455007199999997	-46.7105555
-23.570538	-46.6115553
-23.7099032	-46.71185209999999
-23.5532005	-46.67344629999999
-23.4734032	-46.6840088
-23.5877109	-46.4920295
-23.5709198	-46.5755075
-23.603850199999997	-46.62348799999999
-23.5614377	-46.55281129999999
-23.516268300000004	-46.60536810000001
-23.6785496	-46.644627
-23.5909888	-46.6090233
-23.611491100000002	-46.49400929999999
-23.497078100000003	-46.4402295
-23.453937300000003	-46.682840399999996
-23.4642145	-46.6546145
-23.4312857	-46.787648100000006
-23.5001716	-46.51682659999999
-23.5792987	-46.6748141
-23.7114735	-46.70031780000001
-23.598795000000003	-46.6397055
-23.4489663	-46.5961289
-23.5855969	-46.7323157
-23.6136235	-46.5937525
-23.636989	-46.7795195
-23.683928	-46.759170700000006
-23.6606813	-46.7437523
-23.6695044	-46.7562815
-23.694969699999998	-46.676822200000004
-23.6472033	-46.7568419
-23.526531600000002	-46.5507584
-23.6287645	-46.70774890000001
-23.475279699999998	-46.64171839999999
-23.4686977	-46.6033936
-23.5248373	-46.6517329
-23.566501300000002	-46.3926396
-23.677735100000003	-46.652069700000006
-23.556825699999997	-46.460423999999996
-23.467731399999998	-46.658824200000005
-23.6544837	-46.664039700000004
-23.4351529	-46.72783889999999
-23.678995	-46.6400376
-23.4963539	-46.5683404
-23.6994133	-46.6401396
-23.5532051	-46.51506380000001
-23.613295899999997	-46.6945165
-23.5907988	-46.489472
-23.557891199999997	-46.412954299999996
-23.563712	-46.7438228
-23.492989399999995	-46.6715275
43119	3469	13.042
43119	3889	36.393
43119	3865	38.55
43119	3891	40.3
43119	3866	23.413
43119	3961	5.382
43119	3890	10.313
43119	3887	15.33
43119	3868	34.809
43119	3999	18.307
43119	4709	37.634
43119	5309	31.652
43119	6971	46.404
43119	7015	25.792
43119	6948	14.834
43119	8694	11.403
43119	9368	40.719
43119	9274	14.615
43119	9876	36.719
43119	11000	28.329
43119	11619	23.445
43119	12229	35.05
43119	12730	39.054
43119	13179	25.731
43119	13113	26.836
43119	13252	37.125
43119	13344	37.058
43119	13260	26.725
43119	13862	27.659
43119	15149	16.437
43119	15095	29.347
43119	15597	32.66
43119	16159	29.511
43119	16742	29.799
43119	16741	8.879
43119	17805	43.139
43119	18346	26.318
43119	18562	22.275
43119	28042	6.374
43119	28123	6.519
43119	28085	29.629
43119	28130	28.705
43119	28067	50.94
43119	28110	26.678
43119	28131	5.441
43119	28088	58.732
43119	28060	26.582
43119	28109	14.787
43119	28070	51.231
43119	28132	16.695
43119	28082	16.532
43119	28089	24.69
43119	28050	30.707
43119	28071	50.891
43119	28064	38.193
43119	28101	33.418
43119	28127	29.632
43119	28102	11.82
43119	28073	37.712
43119	28129	18.032
43119	28046	33.816
43119	28066	22.003
43119	28112	20.635
43119	28069	17.111
43119	28116	45.219
43119	28049	29.167
43119	28041	26.485
43119	28094	17.954
43119	28099	10.997
43119	28048	33.654
43119	28117	21.047
43119	28103	13.773
43119	28058	34.667
43119	28061	20.999
43119	28072	37.924
43119	28111	39.157
43119	28142	22.591
43119	28107	31.247
43119	28044	46.613
43119	28124	28.425
43119	28047	38.285
43119	28143	25.605
43119	28043	3.486
43119	28051	17.663
43119	28040	33.539
43119	28086	42.858
43119	28065	31.877
43119	28566	20.884
43119	28571	16.004
43119	28477	23.122
43119	28476	53.308
43119	28579	27.432
43119	29702	51.955
43119	29777	25.889
43119	32097	33.373
43119	32093	16.219
43119	32096	32.913
43119	32094	39.098
43119	32095	13.247
43119	32091	35.881
43119	32090	37.75
43119	32098	36.059
43119	32498	37.955
43119	32494	29.285
43119	32873	5.029
43119	32872	3.28
43119	32818	28.225
43119	35788	3.293
43119	35729	14.491
43119	35754	20.99
43119	35722	3.868
43119	35870	5.341
43119	36143	31.303
43119	38295	45.694
43119	38389	52.773
43119	38252	27.187
43119	38064	53.051
43119	38062	8.761
43119	38049	52.368
43119	38063	24.272
43119	38058	30.437
43119	38061	17.127
43119	38249	16.301
43119	38052	39.918
43119	38236	20.796
43119	38060	40.529
43119	38067	29.142
43119	38287	51.11
43119	38111	11.34
43119	38297	6.688
43119	38053	35.097
43119	38250	16.137
43119	38065	24.619
43119	38051	-1
43119	38050	31.772
43119	38069	27.183
43119	38059	44.676
43119	38245	37.018
43119	38395	25.871
43119	38066	35.695
43119	38386	62.596
43119	38604	17.947
43119	38483	37.396
43119	38642	37.793
43119	38552	48.44
43119	38513	26.315
43119	38643	47.337
43119	38573	38.253
43119	38646	40.661
43119	38459	31.258
43119	38603	35.792
43119	38486	44.737
43119	38554	33.765
43119	38644	34.841
43119	38602	12.95
43119	38453	48.646
43119	38484	12.915
43119	42788	21.04
43119	42786	35.262
43119	42783	26.763
43119	42780	20.709
43119	42790	23.831
43119	42778	4.335
43119	42784	49.543
43119	42787	15.273
43119	42781	36.59
43119	42779	21.832
43119	42785	25.595
43119	42789	32.681
43119	42782	33.601
43119	43146	32.699
43119	43087	20.238
43119	43120	25.904
43119	43046	12.364
43119	43011	35.135
43119	43007	12.996
43119	43102	17.184
43119	43153	5.004
43119	43021	33.801
43119	43031	53.466
43119	43125	15.797
43119	43145	32.265
43119	43113	44.089
43119	43135	37.647
43119	43154	41.131
43119	43137	33.54
43119	43008	36.537
43119	43059	39.07
43119	43022	38.939
43119	43064	38.651
43119	43060	35.832
43119	43126	8.199
43119	43117	17.991
43119	43123	50.85
43119	43134	26.401
43119	43050	12.524
43119	43127	29.981
43119	43133	22.436
43119	43094	29.772
43119	42853	6.765
43119	43111	4.906
43119	43131	30.327
43119	43115	24.081
43119	43121	50.873
43119	43068	2.813
43119	43152	25.114
43119	43029	16.342
43119	43142	33.484
43119	43083	32.623
43119	43088	32.653
43119	43028	40.848
43119	43020	13.512
43119	43104	9.982
43119	43122	53.597
43119	43078	19.221
43119	43036	8.21
43119	43114	28.061
43119	43116	2.771
43119	43092	27.875
43119	43034	38.011
43119	43095	30.58
43119	43009	36.926
43119	43084	8.032
43119	43042	10.567
43119	43147	12.201
43119	43067	37.759
43119	43148	33.887
43119	43030	37.933
43119	43129	28.42
43119	43027	31.102
43119	43076	30.393
43119	43019	33.679
43119	43057	13.265
43119	43124	26.509
43119	43110	31.158
43119	43072	50.729
43119	43063	51.88
43119	42924	39.547
43119	43109	53.941
43119	43081	16.099
43119	43054	13.04
43119	42925	43.468
43119	43075	24.898
43119	43090	5.7
43119	43099	37.866
43119	43139	6.156
43119	43035	8.045
43119	43044	13.335
43119	43096	51.839
43119	43149	22.768
43119	43089	10.297
43119	43100	28.109
43119	43012	13.35
43119	43150	36.909
43119	43023	53.023
43119	43079	238.124
43119	43077	9.247
43119	43070	40.195
43119	43056	38.292
43119	43066	50.212
43119	43098	13.621
43119	43005	33.581
43119	43062	51.52
43119	43024	14.435
43119	42926	38.954
43119	43103	33.802
43119	43085	12.871
43119	43091	10.959
43119	43038	52.194
43119	43118	27.717
43119	43047	36.633
43119	43033	25.392
43119	43071	42.537
43119	43112	46.795
43119	43013	6.841
43119	43017	47.911
43119	43141	16.864
43119	43051	35.923
43119	43065	19.839
43119	43032	19.896
43119	43052	45.179
43119	43132	36.698
43119	43136	30.74
43119	43086	46.68
43119	43037	16.906
43119	43015	33.596
43119	43058	14.279
43119	43018	31.879
43119	43101	26.263
43119	43045	54.971
43119	43080	10.959
43119	42927	36.672
43119	43016	40.302
43119	43138	28.306
43119	43108	12.489
43119	43106	37.368
43119	42923	14.384
43119	43069	29.731
43119	43040	51.605
43119	43061	50.856
43119	43025	35.349
43119	43043	31.394
43119	43107	45.221
43119	43073	53.007
43119	42854	54.43
43119	43055	11.446
43119	43082	31.844
43119	43151	33.922
43119	43156	16.326
43119	43143	37.53
43119	43130	34.963
43119	43097	12.46
43119	43144	32.587
43119	43048	14.264
43119	43041	34.368
43119	43155	10.775
43119	43039	13.494
43119	43026	45.538
43119	43093	13.846
43119	43006	34.423
43119	43049	37.723
43119	43053	15.627
43119	43010	40.84
43119	43105	10.428
43119	43074	8.083
43119	43014	19.273
43119	43128	33.716
43119	43140	38.103
43119	43378	54.449
43119	43319	52.289
43119	43530	3.824
43119	43282	44.676
43119	43298	9.949
43119	43275	9.465
43119	43491	15.42
43119	43309	13.221
43119	43314	42.619
43119	43555	42.423
43119	43560	41.325
43119	43274	8.644
43119	43997	19.019
43119	43893	21.984
43119	43713	42.614
43119	43763	17.839
43119	43631	36.724
43119	43847	31.637
43119	43833	1.05
43119	43630	35.324
43119	44254	12.434
43119	44398	52.076
43119	44059	7.48
43119	44397	47.434
43119	44072	31.013
43119	44253	12.237
43119	44092	18.169
43119	44395	29.695
43119	44394	9.153
43119	44018	44.803
43119	44019	40.665
43119	44027	42.626
43119	44071	39.98
43119	44396	10.393
43119	44028	9.515
43119	44041	14.892
43119	44285	14.294
43119	44399	51.31
43119	44073	40.392
43119	44074	34.171
43119	44417	9.16
43119	44405	34.944
43119	44411	50.373
43119	44415	39.892
43119	44419	49.91
43119	44408	48.407
43119	44414	48.48
43119	44410	8.778
43119	44407	54.52
43119	44409	43.597
43119	44558	7.858
43119	44404	29.109
43119	44406	37.592
43119	44413	10.328
43119	44418	49.468
43119	44403	33.547
43119	44420	40.183
43119	44421	26.443
43119	44416	39.786
43119	44412	37.362
43119	44402	41.434
43119	44522	10.181
43119	45028	12.512
43119	44973	40.635
43119	44972	15.815
43119	45071	16.915
43119	44846	18.21
43119	45436	51.955
43119	45258	24.177
43119	45217	18.044
43119	45310	18.792
43119	45441	15.838
43119	45515	31.425
43119	45287	13.565
43119	45517	22.705
43119	45365	32.265
43119	45518	17.131
43119	45339	6.883
43119	45556	15.341
43119	45443	46.427
43119	45309	20.707
43119	45520	34.998
43119	45512	12.379
43119	45522	22.098
43119	45232	13.165
43119	45366	15.94
43119	45516	26.965
43119	45575	13.724
43119	45519	23.943
43119	45257	28.835
43119	45521	27.615
43119	45823	36.43
43119	45602	48.985
43119	45783	14.662
43119	46119	13.873
43119	46188	44.249
43119	46354	12.207
43119	46194	36.952
43119	46512	20.236
43119	46500	6.221
43119	46567	21.712
43119	47567	36.089
43119	47514	33.114
43119	47515	22.562
43119	47565	15.806
43119	47569	27.433
43119	47570	24.673
43119	47566	7.533
43119	47568	16.913
43119	47919	31.247
43119	47916	46.582
43119	47880	39.86
43119	47921	38.661
43119	47920	43.139
43119	47918	35.05
43119	47674	17.004
43119	47964	5.543
43119	47850	12.518
43119	47923	31.315
43119	47925	21.559
43119	47915	17.184
43119	47647	14.65
43119	47678	10.884
43119	47914	10.815
43119	47980	10.974
43119	47913	2.404
43119	47657	10.989
43119	47803	29.729
43119	47673	9.963
43119	47922	40.3
43119	47924	29.109
43119	47865	22.795
43119	47917	42.998
43119	48063	5.029
43119	48137	52.19
43119	48186	38.007
43119	48660	4.726
43119	48541	44.186
43119	48633	7.247
43119	49473	30.643
43119	49313	7.029
43119	49059	35.027
43119	49153	12.945
43119	50966	32.533
43119	50604	41.466
43119	50448	22.857
43119	1633	34.648
43025	3469	44.84
43025	3889	3.702
43025	3865	31.299
43025	3891	10.86
43025	3866	21.696
43025	3961	37.801
43025	3890	42.111
43025	3887	35.266
43025	3868	10.457
43025	3999	31.644
43025	4709	11.743
43025	5309	33.525
43025	6971	39.153
43025	7015	34.167
43025	6948	31.692
43025	8694	30.331
43025	9368	16.062
43025	9274	23.454
43025	9876	29.468
43025	11000	13.041
43025	11619	26.527
43025	12229	27.799
43025	12730	31.803
43025	13179	29.216
43025	13113	26.6
43025	13252	8.875
43025	13344	29.807
43025	13260	10.283
43025	13862	30.118
43025	15149	36.373
43025	15095	29.117
43025	15597	30.339
43025	16159	21.863
43025	16742	26.902
43025	16741	41.922
43025	17805	18.483
43025	18346	21.224
43025	18562	11.665
43025	28042	32.733
43025	28123	32.125
43025	28085	32.877
43025	28130	31.787
43025	28067	43.688
43025	28110	30.248
43025	28131	30.051
43025	28088	51.481
43025	28060	29.663
43025	28109	34.723
43025	28070	43.98
43025	28132	33.554
43025	28082	33.391
43025	28089	13.469
43025	28050	37.571
43025	28071	43.64
43025	28064	14.265
43025	28101	26.167
43025	28127	32.318
43025	28102	33.36
43025	28073	30.46
43025	28129	32.378
43025	28046	26.565
43025	28066	12.22
43025	28112	12.95
43025	28069	19.837
43025	28116	11.495
43025	28049	22.806
43025	28041	35.421
43025	28094	18.215
43025	28099	30.932
43025	28048	26.402
43025	28117	14.923
43025	28103	45.571
43025	28058	39.311
43025	28061	52.797
43025	28072	13.996
43025	28111	31.906
43025	28142	27.151
43025	28107	34.595
43025	28044	39.361
43025	28124	31.362
43025	28047	31.034
43025	28143	34.624
43025	28043	30.603
43025	28051	41.434
43025	28040	38.182
43025	28086	11.993
43025	28065	4.905
43025	28566	21.206
43025	28571	39.774
43025	28477	16.049
43025	28476	46.057
43025	28579	27.637
43025	29702	44.703
43025	29777	23.428
43025	32097	33.35
43025	32093	20.149
43025	32096	44.238
43025	32094	10.805
43025	32095	35.522
43025	32091	40.525
43025	32090	8.276
43025	32098	7.986
43025	32498	13.524
43025	32494	22.033
43025	32873	33.166
43025	32872	32.288
43025	32818	33.813
43025	35788	33.843
43025	35729	46.288
43025	35754	25.617
43025	35722	37.467
43025	35870	36.067
43025	36143	17.529
43025	38295	38.443
43025	38389	45.522
43025	38252	34.458
43025	38064	45.8
43025	38062	24.656
43025	38049	45.116
43025	38063	10.44
43025	38058	23.365
43025	38061	48.924
43025	38249	33.16
43025	38052	32.666
43025	38236	19.508
43025	38060	45.173
43025	38067	13.846
43025	38287	43.858
43025	38111	31.811
43025	38297	30.955
43025	38053	7.024
43025	38250	32.996
43025	38065	17.547
43025	38051	-1
43025	38050	39.524
43025	38069	21.332
43025	38059	37.424
43025	38245	29.766
43025	38395	28.952
43025	38066	11.767
43025	38386	55.345
43025	38604	41.718
43025	38483	30.144
43025	38642	8.15
43025	38552	41.188
43025	38513	19.955
43025	38643	40.085
43025	38573	31.001
43025	38646	33.409
43025	38459	24.006
43025	38603	28.54
43025	38486	37.486
43025	38554	26.514
43025	38644	10.914
43025	38602	36.721
43025	38453	41.395
43025	38484	29.774
43025	42788	13.224
43025	42786	28.01
43025	42783	19.691
43025	42780	17.513
43025	42790	24.898
43025	42778	32.465
43025	42784	42.292
43025	42787	21.255
43025	42781	29.339
43025	42779	18.57
43025	42785	29.722
43025	42789	25.43
43025	42782	26.35
43025	43146	5.112
43025	43087	11.758
43025	43120	25.669
43025	43046	32.3
43025	43011	4.593
43025	43007	36.766
43025	43102	31.363
43025	43153	33.915
43025	43021	26.55
43025	43031	46.215
43025	43125	32.655
43025	43145	8.229
43025	43113	5.303
43025	43135	2.314
43025	43154	47.982
43025	43137	26.289
43025	43008	29.286
43025	43059	4.767
43025	43022	50.267
43025	43064	31.399
43025	43060	28.581
43025	43126	41.131
43025	43117	33.795
43025	43123	43.599
43025	43134	19.28
43025	43050	36.295
43025	43127	21.662
43025	43133	8.563
43025	43094	32.854
43025	42853	26.389
43025	43111	30.869
43025	43131	28.006
43025	43115	11.097
43025	43121	43.621
43025	43068	34.414
43025	43152	56.912
43025	43029	48.14
43025	43142	9.561
43025	43083	32.896
43025	43088	6.955
43025	43028	45.492
43025	43020	33.448
43025	43104	41.78
43025	43122	46.346
43025	43078	36.08
43025	43036	38.937
43025	43114	9.388
43025	43116	37.128
43025	43092	20.624
43025	43034	30.76
43025	43095	33.662
43025	43009	7.766
43025	43084	31.422
43025	43042	34.337
43025	43147	30.27
43025	43067	30.507
43025	43148	2.666
43025	43030	47.541
43025	43129	25.524
43025	43027	23.85
43025	43076	35.472
43025	43019	39.606
43025	43057	33.2
43025	43124	19.193
43025	43110	38.316
43025	43072	43.478
43025	43063	44.629
43025	42924	51.881
43025	43109	46.69
43025	43081	32.958
43025	43054	34.748
43025	42925	36.216
43025	43075	17.49
43025	43090	36.426
43025	43099	42.509
43025	43139	35.069
43025	43035	26.304
43025	43044	45.133
43025	43096	44.588
43025	43149	8.624
43025	43089	30.233
43025	43100	31.19
43025	43012	33.286
43025	43150	5.353
43025	43023	45.771
43025	43079	247.7
43025	43077	40.458
43025	43070	10.259
43025	43056	31.041
43025	43066	42.961
43025	43098	23.578
43025	43005	9.658
43025	43062	44.269
43025	43024	46.233
43025	42926	7.835
43025	43103	26.551
43025	43085	27.157
43025	43091	27.818
43025	43038	44.943
43025	43118	25.024
43025	43047	5.917
43025	43033	32.073
43025	43071	53.258
43025	43112	39.544
43025	43013	35.495
43025	43017	40.66
43025	43141	24.835
43025	43051	5.147
43025	43065	51.636
43025	43032	43.666
43025	43052	21.246
43025	43132	29.447
43025	43136	5.599
43025	43086	39.429
43025	43037	40.677
43025	43015	4.128
43025	43058	38.049
43025	43018	29.557
43025	43101	15.696
43025	43045	47.72
43025	43080	27.818
43025	42927	29.42
43025	43016	33.05
43025	43138	22.778
43025	43108	36.26
43025	43106	8.31
43025	42923	40.059
43025	43069	27.837
43025	43040	44.354
43025	43061	43.605
43025	43119	35.042
43025	43043	35.156
43025	43107	37.97
43025	43073	45.756
43025	42854	47.179
43025	43055	35.217
43025	43082	3.96
43025	43151	1.911
43025	43156	48.124
43025	43143	11.339
43025	43130	27.712
43025	43097	32.396
43025	43144	2.67
43025	43048	38.035
43025	43041	1.411
43025	43155	30.711
43025	43039	45.292
43025	43026	3.752
43025	43093	37.617
43025	43006	32.102
43025	43049	36.741
43025	43053	23.714
43025	43010	52.812
43025	43105	27.518
43025	43074	39.881
43025	43014	20.267
43025	43128	26.465
43025	43140	30.852
43025	43378	47.198
43025	43319	45.038
43025	43530	33.554
43025	43282	37.424
43025	43298	33.719
43025	43275	33.236
43025	43491	39.191
43025	43309	36.992
43025	43314	51.114
43025	43555	12.903
43025	43560	45.969
43025	43274	32.322
43025	43997	38.954
43025	43893	11.261
43025	43713	35.363
43025	43763	29.872
43025	43631	41.368
43025	43847	6.094
43025	43833	34.503
43025	43630	39.968
43025	44254	27.136
43025	44398	44.825
43025	44059	33.839
43025	44397	40.183
43025	44072	4.557
43025	44253	31.452
43025	44092	41.94
43025	44395	37.601
43025	44394	29.088
43025	44018	20.147
43025	44019	16.009
43025	44027	51.121
43025	44071	6.208
43025	44396	34.164
43025	44028	29.422
43025	44041	46.69
43025	44285	46.092
43025	44399	44.058
43025	44073	48.55
43025	44074	38.815
43025	44417	33.03
43025	44405	27.693
43025	44411	40.383
43025	44415	32.641
43025	44419	42.659
43025	44408	41.155
43025	44414	41.228
43025	44410	32.457
43025	44407	47.269
43025	44409	49.073
43025	44558	31.259
43025	44404	21.461
43025	44406	30.341
43025	44413	34.098
43025	44418	42.216
43025	44403	3.15
43025	44420	53.161
43025	44421	32.925
43025	44416	52.12
43025	44412	30.111
43025	44402	49.93
43025	44522	30.089
43025	45028	34.412
43025	44973	33.383
43025	44972	35.75
43025	45071	40.686
43025	44846	31.548
43025	45436	44.704
43025	45258	58.016
43025	45217	17.243
43025	45310	17.883
43025	45441	47.636
43025	45515	65.24
43025	45287	33.501
43025	45517	54.503
43025	45365	25.013
43025	45518	48.929
43025	45339	31.343
43025	45556	35.277
43025	45443	39.176
43025	45309	52.504
43025	45520	66.795
43025	45512	30.408
43025	45522	53.895
43025	45232	33.1
43025	45366	35.876
43025	45516	58.763
43025	45575	33.66
43025	45519	55.741
43025	45257	60.633
43025	45521	61.43
43025	45823	29.179
43025	45602	41.733
43025	45783	26.025
43025	46119	45.67
43025	46188	36.998
43025	46354	44.005
43025	46194	4.274
43025	46512	20.342
43025	46500	36.917
43025	46567	13.203
43025	47567	5.969
43025	47514	32.016
43025	47515	23.604
43025	47565	30.962
43025	47569	24.723
43025	47570	17.446
43025	47566	33.891
43025	47568	23.13
43025	47919	34.595
43025	47916	39.331
43025	47880	10.906
43025	47921	10.368
43025	47920	18.483
43025	47918	27.799
43025	47674	22.689
43025	47964	37.341
43025	47850	29.608
43025	47923	17.54
43025	47925	21.773
43025	47915	31.363
43025	47647	40.624
43025	47678	34.655
43025	47914	30.723
43025	47980	34.745
43025	47913	36.004
43025	47657	30.925
43025	47803	22.478
43025	47673	25.731
43025	47922	10.86
43025	47924	21.461
43025	47865	12.176
43025	47917	51.494
43025	48063	33.166
43025	48137	44.938
43025	48186	9.714
43025	48660	29.928
43025	48541	6.215
43025	48633	33.606
43025	49473	23.392
43025	49313	40.896
43025	49059	27.775
43025	49153	24.722
43025	50966	32.385
43025	50604	48.762
43025	50448	17.08
43025	1633	10.725
43043	3469	40.334
43043	3889	36.589
43043	3865	7.673
43043	3891	31.301
43043	3866	17.207
43043	3961	33.397
43043	3890	37.123
43043	3887	67.271
43043	3868	28.866
43043	3999	18.024
43043	4709	35.35
43043	5309	2.355
43043	6971	15.569
43043	7015	5.24
43043	6948	22.022
43043	8694	26.926
43043	9368	48.144
43043	9274	49.504
43043	9876	20.349
43043	11000	30.066
43043	11619	12.793
43043	12229	20.018
43043	12730	11.564
43043	13179	12.102
43043	13113	52.59
43043	13252	30.839
43043	13344	8.316
43043	13260	36.277
43043	13862	56.124
43043	15149	62.363
43043	15095	55.123
43043	15597	12.848
43043	16159	26.961
43043	16742	11.12
43043	16741	36.895
43043	17805	50.564
43043	18346	45.373
43043	18562	31.685
43043	28042	27.047
43043	28123	27.156
43043	28085	6.527
43043	28130	7.839
43043	28067	11.433
43043	28110	9.35
43043	28131	29.621
43043	28088	33.512
43043	28060	9.956
43043	28109	60.712
43043	28070	10.98
43043	28132	22.555
43043	28082	22.807
43043	28089	39.459
43043	28050	4.066
43043	28071	12.945
43043	28064	29.637
43043	28101	14.509
43043	28127	7.48
43043	28102	59.349
43043	28073	11.198
43043	28129	20.407
43043	28046	18.783
43043	28066	27.496
43043	28112	25.809
43043	28069	21.277
43043	28116	49.562
43043	28049	23.644
43043	28041	4.765
43043	28094	24.482
43043	28099	56.922
43043	28048	10.473
43043	28117	24.148
43043	28103	41.064
43043	28058	3.914
43043	28061	49.743
43043	28072	27.939
43043	28111	4.742
43043	28142	13.085
43043	28107	3.765
43043	28044	15.572
43043	28124	8.794
43043	28047	13.594
43043	28143	5.697
43043	28043	28.771
43043	28051	67.423
43043	28040	2.786
43043	28086	47.202
43043	28065	32.706
43043	28566	46.639
43043	28571	65.764
43043	28477	25.387
43043	28476	22.061
43043	28579	10.593
43043	29702	13.701
43043	29777	14.826
43043	32097	5.017
43043	32093	25.703
43043	32096	8.841
43043	32094	33.176
43043	32095	61.511
43043	32091	5.129
43043	32090	29.339
43043	32098	30.425
43043	32498	35.672
43043	32494	17.345
43043	32873	27.479
43043	32872	28.957
43043	32818	6.158
43043	35788	28.83
43043	35729	41.782
43043	35754	14.673
43043	35722	28.766
43043	35870	28.676
43043	36143	27.1
43043	38295	16.547
43043	38389	18.87
43043	38252	4.328
43043	38064	17.935
43043	38062	30.568
43043	38049	11.129
43043	38063	36.577
43043	38058	28.68
43043	38061	45.871
43043	38249	21.009
43043	38052	4.882
43043	38236	19.004
43043	38060	9.776
43043	38067	29.254
43043	38287	19.863
43043	38111	27.364
43043	38297	29.299
43043	38053	32.813
43043	38250	22.97
43043	38065	26.885
43043	38051	-1
43043	38050	4.127
43043	38069	20.84
43043	38059	17.407
43043	38245	24.79
43043	38395	10.668
43043	38066	27.961
43043	38386	20.058
43043	38604	67.707
43043	38483	16.796
43043	38642	43.818
43043	38552	14.318
43043	38513	22.856
43043	38643	14.513
43043	38573	19.845
43043	38646	28.433
43043	38459	21.328
43043	38603	9.796
43043	38486	18.371
43043	38554	21.538
43043	38644	27.568
43043	38602	62.711
43043	38453	18.976
43043	38484	28.987
43043	42788	28.228
43043	42786	8.468
43043	42783	28.378
43043	42780	22.508
43043	42790	13.276
43043	42778	28.538
43043	42784	11.143
43043	42787	31.603
43043	42781	14.168
43043	42779	21.025
43043	42785	9.691
43043	42789	11.11
43043	42782	19.057
43043	43146	38.733
43043	43087	32.983
43043	43120	51.658
43043	43046	58.289
43043	43011	34.738
43043	43007	62.756
43043	43102	20.009
43043	43153	36.606
43043	43021	16.353
43043	43031	13.156
43043	43125	25.517
43043	43145	38.29
43043	43113	48.433
43043	43135	38.554
43043	43154	10.379
43043	43137	12.214
43043	43008	11.29
43043	43059	45.095
43043	43022	8.186
43043	43064	13.939
43043	43060	20.051
43043	43126	25.786
43043	43117	21.237
43043	43123	16.691
43043	43134	23.784
43043	43050	62.285
43043	43127	21.643
43043	43133	34.927
43043	43094	6.008
43043	42853	31.842
43043	43111	33.053
43043	43131	11.844
43043	43115	30.027
43043	43121	9.616
43043	43068	29.908
43043	43152	53.858
43043	43029	43.633
43043	43142	31.201
43043	43083	2.564
43043	43088	38.678
43043	43028	10.095
43043	43020	59.438
43043	43104	38.727
43043	43122	13.29
43043	43078	19.433
43043	43036	28.671
43043	43114	35.525
43043	43116	30.04
43043	43092	18.453
43043	43034	25.784
43043	43095	5.813
43043	43009	34.643
43043	43084	57.411
43043	43042	60.327
43043	43147	56.259
43043	43067	6.66
43043	43148	34.794
43043	43030	7.18
43043	43129	12.537
43043	43027	17.331
43043	43076	3.658
43043	43019	4.362
43043	43057	59.19
43043	43124	43.082
43043	43110	4.81
43043	43072	17.945
43043	43063	21.968
43043	42924	8.794
43043	43109	16.364
43043	43081	19.324
43043	43054	60.737
43043	42925	9.472
43043	43075	43.48
43043	43090	26.657
43043	43099	7.113
43043	43139	26.496
43043	43035	28.37
43043	43044	40.626
43043	43096	16.698
43043	43149	32.842
43043	43089	56.222
43043	43100	7.663
43043	43012	59.276
43043	43150	36.512
43043	43023	15.674
43043	43079	273.707
43043	43077	24.867
43043	43070	37.911
43043	43056	24.522
43043	43066	18.966
43043	43098	49.567
43043	43005	30.492
43043	43062	15.461
43043	43024	41.727
43043	42926	44.979
43043	43103	21.575
43043	43085	53.146
43043	43091	24.348
43043	43038	14.006
43043	43118	12.783
43043	43047	36.237
43043	43033	7.446
43043	43071	11.784
43043	43112	16.126
43043	43013	25.386
43043	43017	15.752
43043	43141	30.911
43043	43051	35.526
43043	43065	48.583
43043	43032	69.656
43043	43052	20.337
43043	43132	24.47
43043	43136	36.775
43043	43086	18.089
43043	43037	66.667
43043	43015	34.398
43043	43058	64.039
43043	43018	12.407
43043	43101	41.686
43043	43045	14.662
43043	43080	24.348
43043	42927	14.797
43043	43016	9.632
43043	43138	21.102
43043	43108	62.249
43043	43106	36.971
43043	42923	66.066
43043	43069	22.861
43043	43040	16.909
43043	43061	15.245
43043	43119	32.033
43043	43025	36.256
43043	43107	16.687
43043	43073	16.399
43043	42854	14.555
43043	43055	61.206
43043	43082	32.751
43043	43151	34.829
43043	43156	43.617
43043	43143	35.246
43043	43130	16.275
43043	43097	58.386
43043	43144	33.494
43043	43048	64.024
43043	43041	35.276
43043	43155	56.7
43043	43039	42.238
43043	43026	39.171
43043	43093	63.606
43043	43006	12.785
43043	43049	6.97
43043	43053	49.703
43043	43010	10.087
43043	43105	29.999
43043	43074	36.828
43043	43014	46.256
43043	43128	14.51
43043	43140	7.845
43043	43378	15.387
43043	43319	9.161
43043	43530	28.189
43043	43282	17.407
43043	43298	59.709
43043	43275	59.226
43043	43491	65.18
43043	43309	62.981
43043	43314	11.866
43043	43555	46.766
43043	43560	10.573
43043	43274	58.312
43043	43997	64.944
43043	43893	37.398
43043	43713	30.387
43043	43763	18.518
43043	43631	5.971
43043	43847	37.662
43043	43833	31.968
43043	43630	4.572
43043	44254	53.126
43043	44398	10.375
43043	44059	25.851
43043	44397	22.204
43043	44072	36.43
43043	44253	57.442
43043	44092	67.929
43043	44395	4.096
43043	44394	55.078
43043	44018	52.228
43043	44019	48.091
43043	44027	11.873
43043	44071	46.005
43043	44396	60.154
43043	44028	55.412
43043	44041	43.636
43043	44285	41.353
43043	44399	8.774
43043	44073	9.64
43043	44074	3.419
43043	44417	59.02
43043	44405	15.77
43043	44411	4.987
43043	44415	5.896
43043	44419	12.712
43043	44408	12.396
43043	44414	15.248
43043	44410	58.446
43043	44407	12.682
43043	44409	12.845
43043	44558	27.36
43043	44404	27.06
43043	44406	19.086
43043	44413	60.088
43043	44418	15.811
43043	44403	33.518
43043	44420	9.431
43043	44421	6.438
43043	44416	9.033
43043	44412	9.884
43043	44402	10.681
43043	44522	56.078
43043	45028	60.402
43043	44973	28.407
43043	44972	61.74
43043	45071	66.676
43043	44846	17.901
43043	45436	17.328
43043	45258	54.963
43043	45217	22.304
43043	45310	23.536
43043	45441	43.13
43043	45515	62.186
43043	45287	59.491
43043	45517	51.449
43043	45365	18.451
43043	45518	45.875
43043	45339	27.556
43043	45556	61.266
43043	45443	21.198
43043	45309	47.998
43043	45520	63.742
43043	45512	56.397
43043	45522	50.842
43043	45232	59.09
43043	45366	44.401
43043	45516	55.709
43043	45575	59.65
43043	45519	52.687
43043	45257	57.58
43043	45521	58.376
43043	45823	21.398
43043	45602	14.862
43043	45783	52.015
43043	46119	41.164
43043	46188	17.29
43043	46354	40.04
43043	46194	37.86
43043	46512	19.855
43043	46500	36.454
43043	46567	27.892
43043	47567	33.805
43043	47514	3.854
43043	47515	15.999
43043	47565	20.466
43043	47569	13.482
43043	47570	21.068
43043	47566	25.488
43043	47568	18.054
43043	47919	3.765
43043	47916	16.168
43043	47880	37.577
43043	47921	32.786
43043	47920	50.564
43043	47918	20.018
43043	47674	30.321
43043	47964	34.326
43043	47850	22.395
43043	47923	27.111
43043	47925	48.543
43043	47915	20.009
43043	47647	66.631
43043	47678	60.645
43043	47914	56.712
43043	47980	60.735
43043	47913	30.108
43043	47657	56.915
43043	47803	14.806
43043	47673	51.721
43043	47922	31.301
43043	47924	27.06
43043	47865	27.451
43043	47917	12.245
43043	48063	27.479
43043	48137	9.452
43043	48186	32.969
43043	48660	28.905
43043	48541	48.529
43043	48633	24.696
43043	49473	19.855
43043	49313	25.576
43043	49059	9.78
43043	49153	31.14
43043	50966	3.274
43043	50604	10.714
43043	50448	43.069
43043	1633	31.559
43107	3469	72.532
43107	3889	38.291
43107	3865	11.817
43107	3891	33.003
43107	3866	23.623
43107	3961	65.493
43107	3890	69.803
43107	3887	68.973
43107	3868	30.568
43107	3999	31.304
43107	4709	37.052
43107	5309	14.781
43107	6971	2.993
43107	7015	20.367
43107	6948	35.302
43107	8694	40.268
43107	9368	49.846
43107	9274	51.206
43107	9876	5.58
43107	11000	29.773
43107	11619	28.453
43107	12229	8.886
43107	12730	9.818
43107	13179	31.143
43107	13113	54.292
43107	13252	32.541
43107	13344	15.803
43107	13260	37.98
43107	13862	57.826
43107	15149	64.065
43107	15095	56.825
43107	15597	9.027
43107	16159	26.668
43107	16742	17.227
43107	16741	69.614
43107	17805	52.266
43107	18346	47.075
43107	18562	33.387
43107	28042	60.425
43107	28123	41.238
43107	28085	15.929
43107	28130	17.972
43107	28067	7.529
43107	28110	32.174
43107	28131	42.494
43107	28088	18.376
43107	28060	31.59
43107	28109	62.414
43107	28070	7.821
43107	28132	38.358
43107	28082	37.636
43107	28089	41.161
43107	28050	18.588
43107	28071	7.481
43107	28064	31.339
43107	28101	10.815
43107	28127	17.113
43107	28102	61.051
43107	28073	10.032
43107	28129	34.305
43107	28046	10.226
43107	28066	29.198
43107	28112	27.511
43107	28069	29.385
43107	28116	51.264
43107	28049	23.013
43107	28041	19.893
43107	28094	30.143
43107	28099	58.624
43107	28048	22.562
43107	28117	25.85
43107	28103	73.263
43107	28058	13.494
43107	28061	80.488
43107	28072	29.641
43107	28111	14.026
43107	28142	29.077
43107	28107	18.892
43107	28044	2.324
43107	28124	16.547
43107	28047	6.453
43107	28143	20.824
43107	28043	58.294
43107	28051	69.126
43107	28040	12.828
43107	28086	48.904
43107	28065	34.408
43107	28566	48.341
43107	28571	67.466
43107	28477	27.089
43107	28476	10.043
43107	28579	26.506
43107	29702	8.929
43107	29777	22.57
43107	32097	14.593
43107	32093	32.076
43107	32096	18.228
43107	32094	34.878
43107	32095	63.214
43107	32091	14.708
43107	32090	31.042
43107	32098	32.127
43107	32498	37.374
43107	32494	19.023
43107	32873	60.857
43107	32872	59.979
43107	32818	15.87
43107	35788	61.535
43107	35729	73.98
43107	35754	27.544
43107	35722	65.159
43107	35870	63.759
43107	36143	26.807
43107	38295	1.751
43107	38389	9.507
43107	38252	19.455
43107	38064	9.786
43107	38062	52.348
43107	38049	8.957
43107	38063	38.279
43107	38058	28.388
43107	38061	76.616
43107	38249	34.289
43107	38052	14.608
43107	38236	25.086
43107	38060	17.987
43107	38067	28.961
43107	38287	7.844
43107	38111	39.098
43107	38297	41.472
43107	38053	34.516
43107	38250	36.425
43107	38065	28.587
43107	38051	-1
43107	38050	17.063
43107	38069	24.426
43107	38059	2.973
43107	38245	24.497
43107	38395	30.879
43107	38066	29.663
43107	38386	12.185
43107	38604	69.409
43107	38483	4.699
43107	38642	45.52
43107	38552	5.414
43107	38513	24.547
43107	38643	3.489
43107	38573	5.704
43107	38646	28.14
43107	38459	20.415
43107	38603	13.006
43107	38486	2.69
43107	38554	21.039
43107	38644	29.27
43107	38602	64.413
43107	38453	6.151
43107	38484	36.632
43107	42788	29.93
43107	42786	14.177
43107	42783	30.08
43107	42780	25.326
43107	42790	26.825
43107	42778	60.157
43107	42784	6.133
43107	42787	48.947
43107	42781	7.553
43107	42779	23.126
43107	42785	31.649
43107	42789	21.59
43107	42782	8.383
43107	43146	40.435
43107	43087	34.685
43107	43120	53.36
43107	43046	59.991
43107	43011	36.44
43107	43007	64.458
43107	43102	33.289
43107	43153	61.607
43107	43021	7.465
43107	43031	10.441
43107	43125	35.288
43107	43145	39.992
43107	43113	50.135
43107	43135	40.256
43107	43154	11.823
43107	43137	11.297
43107	43008	12.123
43107	43059	46.797
43107	43022	14.108
43107	43064	6.052
43107	43060	5.282
43107	43126	48.418
43107	43117	35.722
43107	43123	5.625
43107	43134	25.475
43107	43050	63.987
43107	43127	21.834
43107	43133	36.629
43107	43094	17.458
43107	42853	54.081
43107	43111	58.561
43107	43131	12.596
43107	43115	31.729
43107	43121	7.462
43107	43068	46.718
43107	43152	84.604
43107	43029	75.832
43107	43142	32.903
43107	43083	14.152
43107	43088	40.38
43107	43028	18.307
43107	43020	61.14
43107	43104	69.472
43107	43122	10.571
43107	43078	36.913
43107	43036	51.277
43107	43114	37.227
43107	43116	64.82
43107	43092	20.145
43107	43034	25.491
43107	43095	20.94
43107	43009	36.345
43107	43084	59.114
43107	43042	62.029
43107	43147	57.962
43107	43067	14.246
43107	43148	36.496
43107	43030	11.381
43107	43129	27.45
43107	43027	17.019
43107	43076	18.786
43107	43019	15.784
43107	43057	60.892
43107	43124	44.784
43107	43110	17.687
43107	43072	7.464
43107	43063	9.949
43107	42924	15.721
43107	43109	10.675
43107	43081	32.604
43107	43054	62.44
43107	42925	9.48
43107	43075	45.182
43107	43090	49.263
43107	43099	16.692
43107	43139	62.76
43107	43035	39.062
43107	43044	72.824
43107	43096	7.572
43107	43149	34.544
43107	43089	57.924
43107	43100	33.117
43107	43012	60.978
43107	43150	38.214
43107	43023	9.757
43107	43079	275.409
43107	43077	47.745
43107	43070	39.613
43107	43056	8.818
43107	43066	6.947
43107	43098	51.27
43107	43005	32.194
43107	43062	8.495
43107	43024	73.925
43107	42926	46.681
43107	43103	21.282
43107	43085	54.848
43107	43091	37.628
43107	43038	9.169
43107	43118	21.183
43107	43047	37.939
43107	43033	34
43107	43071	17.099
43107	43112	2.879
43107	43013	47.708
43107	43017	4.886
43107	43141	37.005
43107	43051	37.228
43107	43065	79.328
43107	43032	71.358
43107	43052	21.026
43107	43132	24.177
43107	43136	38.477
43107	43086	3.801
43107	43037	68.369
43107	43015	36.101
43107	43058	65.741
43107	43018	12.194
43107	43101	43.388
43107	43045	11.946
43107	43080	37.628
43107	42927	6.499
43107	43016	7.925
43107	43138	21.082
43107	43108	63.952
43107	43106	38.674
43107	42923	67.768
43107	43069	22.523
43107	43040	8.34
43107	43061	7.831
43107	43119	62.733
43107	43025	37.958
43107	43043	15.607
43107	43073	9.741
43107	42854	10.182
43107	43055	62.908
43107	43082	34.453
43107	43151	36.531
43107	43156	75.815
43107	43143	36.948
43107	43130	8.115
43107	43097	60.088
43107	43144	35.197
43107	43048	65.727
43107	43041	36.978
43107	43155	58.402
43107	43039	72.983
43107	43026	40.873
43107	43093	65.308
43107	43006	7.647
43107	43049	11.18
43107	43053	51.405
43107	43010	16.653
43107	43105	35.978
43107	43074	67.573
43107	43014	47.959
43107	43128	9.843
43107	43140	15.431
43107	43378	11.424
43107	43319	8.878
43107	43530	61.246
43107	43282	2.973
43107	43298	61.411
43107	43275	60.928
43107	43491	66.882
43107	43309	64.683
43107	43314	14.955
43107	43555	48.468
43107	43560	18.784
43107	43274	60.014
43107	43997	66.646
43107	43893	39.1
43107	43713	30.094
43107	43763	31.798
43107	43631	15.55
43107	43847	39.364
43107	43833	62.195
43107	43630	14.331
43107	44254	54.828
43107	44398	8.666
43107	44059	41.945
43107	44397	7.068
43107	44072	38.132
43107	44253	59.144
43107	44092	69.631
43107	44395	19.223
43107	44394	56.78
43107	44018	53.93
43107	44019	49.793
43107	44027	14.962
43107	44071	47.707
43107	44396	61.856
43107	44028	57.114
43107	44041	74.382
43107	44285	73.783
43107	44399	7.899
43107	44073	12.391
43107	44074	14.877
43107	44417	60.722
43107	44405	7.241
43107	44411	17.153
43107	44415	11.379
43107	44419	5.112
43107	44408	4.996
43107	44414	5.069
43107	44410	60.148
43107	44407	11.11
43107	44409	13.299
43107	44558	40.138
43107	44404	26.768
43107	44406	4.317
43107	44413	61.79
43107	44418	6.442
43107	44403	35.22
43107	44420	17.002
43107	44421	21.565
43107	44416	15.961
43107	44412	11.193
43107	44402	13.77
43107	44522	57.78
43107	45028	62.104
43107	44973	28.114
43107	44972	63.442
43107	45071	68.378
43107	44846	31.181
43107	45436	8.69
43107	45258	85.708
43107	45217	28.919
43107	45310	29.81
43107	45441	75.328
43107	45515	92.931
43107	45287	61.193
43107	45517	82.194
43107	45365	9.11
43107	45518	76.621
43107	45339	41.859
43107	45556	62.968
43107	45443	6.062
43107	45309	80.196
43107	45520	94.487
43107	45512	58.099
43107	45522	81.587
43107	45232	60.792
43107	45366	67.689
43107	45516	86.454
43107	45575	61.352
43107	45519	83.432
43107	45257	88.325
43107	45521	89.121
43107	45823	7.189
43107	45602	4.636
43107	45783	53.717
43107	46119	73.362
43107	46188	2.081
43107	46354	71.697
43107	46194	39.562
43107	46512	28.605
43107	46500	64.609
43107	46567	33.174
43107	47567	35.507
43107	47514	13.272
43107	47515	25.531
43107	47565	33.746
43107	47569	23.048
43107	47570	22.773
43107	47566	47.81
43107	47568	31.334
43107	47919	18.892
43107	47916	3.703
43107	47880	39.279
43107	47921	34.488
43107	47920	52.266
43107	47918	8.886
43107	47674	36.415
43107	47964	65.033
43107	47850	35.912
43107	47923	26.818
43107	47925	50.245
43107	47915	33.289
43107	47647	68.333
43107	47678	62.347
43107	47914	58.414
43107	47980	62.437
43107	47913	63.696
43107	47657	58.617
43107	47803	18.638
43107	47673	53.423
43107	47922	33.003
43107	47924	26.768
43107	47865	29.154
43107	47917	15.335
43107	48063	60.857
43107	48137	8.779
43107	48186	34.672
43107	48660	57.62
43107	48541	50.232
43107	48633	47.018
43107	49473	19.626
43107	49313	48.183
43107	49059	13.652
43107	49153	52.414
43107	50966	13.642
43107	50604	12.988
43107	50448	44.772
43107	1633	33.261
43073	3469	80.872
43073	3889	46.632
43073	3865	14.836
43073	3891	41.343
43073	3866	31.963
43073	3961	73.833
43073	3890	78.143
43073	3887	77.313
43073	3868	38.909
43073	3999	39.645
43073	4709	45.393
43073	5309	19.396
43073	6971	9.31
43073	7015	21.34
43073	6948	43.643
43073	8694	48.609
43073	9368	58.187
43073	9274	59.546
43073	9876	13.707
43073	11000	38.114
43073	11619	36.794
43073	12229	16.423
43073	12730	12.838
43073	13179	39.483
43073	13113	62.633
43073	13252	40.881
43073	13344	18.823
43073	13260	46.32
43073	13862	66.167
43073	15149	72.405
43073	15095	65.166
43073	15597	13.232
43073	16159	35.008
43073	16742	20.247
43073	16741	77.954
43073	17805	60.607
43073	18346	55.415
43073	18562	41.728
43073	28042	69.697
43073	28123	49.578
43073	28085	22.627
43073	28130	23.939
43073	28067	8.296
43073	28110	25.45
43073	28131	50.834
43073	28088	9.05
43073	28060	26.056
43073	28109	70.755
43073	28070	7.765
43073	28132	46.698
43073	28082	45.976
43073	28089	49.501
43073	28050	20.335
43073	28071	6.273
43073	28064	39.68
43073	28101	18.547
43073	28127	20.133
43073	28102	69.392
43073	28073	13.052
43073	28129	42.645
43073	28046	18.28
43073	28066	37.538
43073	28112	35.852
43073	28069	37.726
43073	28116	59.605
43073	28049	31.354
43073	28041	20.865
43073	28094	38.483
43073	28099	66.965
43073	28048	30.903
43073	28117	34.19
43073	28103	81.603
43073	28058	13.05
43073	28061	88.829
43073	28072	37.982
43073	28111	17.046
43073	28142	37.418
43073	28107	19.865
43073	28044	8.502
43073	28124	19.566
43073	28047	12.287
43073	28143	21.797
43073	28043	66.635
43073	28051	77.466
43073	28040	13.801
43073	28086	57.244
43073	28065	42.748
43073	28566	56.681
43073	28571	75.807
43073	28477	35.43
43073	28476	4.832
43073	28579	20.763
43073	29702	5.003
43073	29777	30.911
43073	32097	20.689
43073	32093	40.417
43073	32096	19.36
43073	32094	43.218
43073	32095	71.554
43073	32091	13.531
43073	32090	39.382
43073	32098	40.468
43073	32498	45.714
43073	32494	27.364
43073	32873	70.13
43073	32872	68.32
43073	32818	22.258
43073	35788	68.425
43073	35729	82.321
43073	35754	35.885
43073	35722	73.5
43073	35870	44.776
43073	36143	35.147
43073	38295	9.905
43073	38389	2.746
43073	38252	20.428
43073	38064	2.274
43073	38062	60.688
43073	38049	7.019
43073	38063	46.619
43073	38058	36.728
43073	38061	84.957
43073	38249	42.629
43073	38052	17.628
43073	38236	33.426
43073	38060	12.816
43073	38067	37.301
43073	38287	3.418
43073	38111	47.439
43073	38297	49.812
43073	38053	42.856
43073	38250	44.766
43073	38065	36.927
43073	38051	-1
43073	38050	16.474
43073	38069	32.767
43073	38059	10.79
43073	38245	32.838
43073	38395	39.22
43073	38066	38.004
43073	38386	5.641
43073	38604	77.75
43073	38483	12.827
43073	38642	53.861
43073	38552	6.288
43073	38513	32.887
43073	38643	8.773
43073	38573	13.758
43073	38646	36.481
43073	38459	28.756
43073	38603	16.026
43073	38486	11.729
43073	38554	29.379
43073	38644	37.611
43073	38602	72.753
43073	38453	5.366
43073	38484	44.972
43073	42788	38.271
43073	42786	17.197
43073	42783	38.42
43073	42780	33.667
43073	42790	35.166
43073	42778	68.498
43073	42784	9.152
43073	42787	57.287
43073	42781	12.263
43073	42779	31.467
43073	42785	25.791
43073	42789	29.93
43073	42782	16.511
43073	43146	48.776
43073	43087	43.026
43073	43120	61.701
43073	43046	68.332
43073	43011	44.781
43073	43007	72.799
43073	43102	41.63
43073	43153	69.948
43073	43021	15.592
43073	43031	4.489
43073	43125	43.629
43073	43145	48.333
43073	43113	58.475
43073	43135	48.597
43073	43154	7.993
43073	43137	18.172
43073	43008	15.143
43073	43059	55.138
43073	43022	8.937
43073	43064	11.887
43073	43060	13.409
43073	43126	41.885
43073	43117	44.063
43073	43123	3.901
43073	43134	33.816
43073	43050	72.327
43073	43127	30.174
43073	43133	44.97
43073	43094	22.108
43073	42853	62.422
43073	43111	66.901
43073	43131	16.289
43073	43115	40.07
43073	43121	10.803
43073	43068	55.059
43073	43152	92.944
43073	43029	84.172
43073	43142	41.243
43073	43083	19.123
43073	43088	48.721
43073	43028	13.135
43073	43020	69.48
43073	43104	77.812
43073	43122	4.045
43073	43078	45.254
43073	43036	67.577
43073	43114	45.567
43073	43116	73.16
43073	43092	28.486
43073	43034	33.831
43073	43095	21.913
43073	43009	44.685
43073	43084	67.454
43073	43042	70.37
43073	43147	66.302
43073	43067	17.266
43073	43148	44.837
43073	43030	12.851
43073	43129	35.791
43073	43027	25.36
43073	43076	19.758
43073	43019	15.864
43073	43057	69.233
43073	43124	53.124
43073	43110	18.818
43073	43072	2.786
43073	43063	4.738
43073	42924	10.55
43073	43109	1.695
43073	43081	40.944
43073	43054	70.78
43073	42925	12.41
43073	43075	53.522
43073	43090	42.757
43073	43099	15.516
43073	43139	69.147
43073	43035	47.403
43073	43044	81.165
43073	43096	2.735
43073	43149	42.884
43073	43089	66.265
43073	43100	23.763
43073	43012	69.318
43073	43150	46.555
43073	43023	1.651
43073	43079	283.749
43073	43077	40.967
43073	43070	47.954
43073	43056	16.48
43073	43066	3.034
43073	43098	59.61
43073	43005	40.534
43073	43062	2.86
43073	43024	82.265
43073	42926	55.022
43073	43103	29.622
43073	43085	63.189
43073	43091	45.968
43073	43038	4.708
43073	43118	29.524
43073	43047	46.279
43073	43033	24.905
43073	43071	10.911
43073	43112	11.006
43073	43013	68.036
43073	43017	6.664
43073	43141	45.345
43073	43051	45.569
43073	43065	87.669
43073	43032	79.699
43073	43052	29.367
43073	43132	32.518
43073	43136	46.817
43073	43086	6.525
43073	43037	76.709
43073	43015	44.441
43073	43058	74.082
43073	43018	14.69
43073	43101	51.728
43073	43045	5.688
43073	43080	45.968
43073	42927	12.425
43073	43016	10.945
43073	43138	29.423
43073	43108	72.292
43073	43106	47.014
43073	42923	76.108
43073	43069	30.864
43073	43040	1.729
43073	43061	3.904
43073	43119	71.074
43073	43025	46.299
43073	43043	16.579
43073	43107	10.045
43073	42854	3.058
43073	43055	71.249
43073	43082	42.794
43073	43151	44.872
43073	43156	84.156
43073	43143	45.289
43073	43130	15.857
43073	43097	68.428
43073	43144	43.537
43073	43048	74.067
43073	43041	45.318
43073	43155	66.743
43073	43039	81.324
43073	43026	49.214
43073	43093	73.649
43073	43006	11.467
43073	43049	12.65
43073	43053	59.746
43073	43010	10.464
43073	43105	44.319
43073	43074	75.913
43073	43014	56.299
43073	43128	18.548
43073	43140	18.451
43073	43378	4.93
43073	43319	11.898
43073	43530	70.84
43073	43282	10.79
43073	43298	69.752
43073	43275	69.268
43073	43491	75.223
43073	43309	73.024
43073	43314	8.091
43073	43555	56.809
43073	43560	13.612
43073	43274	68.355
43073	43997	74.987
43073	43893	47.44
43073	43713	38.434
43073	43763	40.139
43073	43631	10.83
43073	43847	47.705
43073	43833	70.535
43073	43630	14.411
43073	44254	63.168
43073	44398	7.41
43073	44059	68.501
43073	44397	6.306
43073	44072	46.473
43073	44253	67.485
43073	44092	77.972
43073	44395	20.196
43073	44394	65.121
43073	44018	62.271
43073	44019	58.133
43073	44027	8.774
43073	44071	56.048
43073	44396	70.196
43073	44028	65.455
43073	44041	82.722
43073	44285	82.124
43073	44399	9.102
43073	44073	7.386
43073	44074	14.957
43073	44417	69.063
43073	44405	13.979
43073	44411	17.334
43073	44415	14.398
43073	44419	8.351
43073	44408	9.773
43073	44414	9.622
43073	44410	68.489
43073	44407	5.047
43073	44409	6.72
43073	44558	48.479
43073	44404	35.108
43073	44406	12.445
43073	44413	70.131
43073	44418	5.25
43073	44403	43.561
43073	44420	11.83
43073	44421	22.538
43073	44416	10.789
43073	44412	14.213
43073	44402	8.578
43073	44522	66.121
43073	45028	70.445
43073	44973	36.455
43073	44972	71.783
43073	45071	76.718
43073	44846	39.522
43073	45436	1.203
43073	45258	94.048
43073	45217	37.26
43073	45310	38.151
43073	45441	83.668
43073	45515	101.272
43073	45287	69.533
43073	45517	90.535
43073	45365	17.238
43073	45518	84.961
43073	45339	50.2
43073	45556	71.309
43073	45443	6.855
43073	45309	88.537
43073	45520	102.828
43073	45512	66.44
43073	45522	89.928
43073	45232	69.133
43073	45366	76.029
43073	45516	94.795
43073	45575	69.692
43073	45519	91.773
43073	45257	96.665
43073	45521	97.462
43073	45823	15.242
43073	45602	9.945
43073	45783	62.057
43073	46119	81.703
43073	46188	9.695
43073	46354	80.037
43073	46194	47.902
43073	46512	36.946
43073	46500	72.95
43073	46567	41.514
43073	47567	43.848
43073	47514	19.615
43073	47515	33.872
43073	47565	42.087
43073	47569	31.388
43073	47570	31.114
43073	47566	68.139
43073	47568	39.675
43073	47919	19.865
43073	47916	6.955
43073	47880	47.619
43073	47921	42.828
43073	47920	60.607
43073	47918	16.423
43073	47674	44.756
43073	47964	73.373
43073	47850	44.253
43073	47923	35.159
43073	47925	58.585
43073	47915	41.63
43073	47647	76.673
43073	47678	70.687
43073	47914	66.755
43073	47980	70.777
43073	47913	72.036
43073	47657	66.957
43073	47803	26.978
43073	47673	61.764
43073	47922	41.343
43073	47924	35.108
43073	47865	37.494
43073	47917	8.636
43073	48063	70.13
43073	48137	11.799
43073	48186	43.012
43073	48660	65.961
43073	48541	58.572
43073	48633	67.346
43073	49473	27.966
43073	49313	41.676
43073	49059	16.672
43073	49153	60.754
43073	50966	19.192
43073	50604	6.409
43073	50448	53.112
43073	1633	41.601
42854	3469	80.696
42854	3889	46.455
42854	3865	13.872
42854	3891	41.167
42854	3866	31.787
42854	3961	73.656
42854	3890	77.967
42854	3887	77.136
42854	3868	38.732
42854	3999	39.468
42854	4709	45.216
42854	5309	17.474
42854	6971	9.244
42854	7015	19.418
42854	6948	43.466
42854	8694	41.104
42854	9368	58.01
42854	9274	59.37
42854	9876	14.663
42854	11000	37.937
42854	11619	26.971
42854	12229	15.93
42854	12730	12.656
42854	13179	26.279
42854	13113	62.456
42854	13252	40.705
42854	13344	20.952
42854	13260	46.143
42854	13862	65.99
42854	15149	72.229
42854	15095	64.989
42854	15597	13.051
42854	16159	34.831
42854	16742	19.283
42854	16741	77.778
42854	17805	60.43
42854	18346	55.239
42854	18562	41.551
42854	28042	41.224
42854	28123	41.334
42854	28085	20.705
42854	28130	22.017
42854	28067	6.374
42854	28110	23.528
42854	28131	50.657
42854	28088	10.939
42854	28060	24.134
42854	28109	70.578
42854	28070	5.843
42854	28132	36.733
42854	28082	36.985
42854	28089	49.324
42854	28050	18.413
42854	28071	6.031
42854	28064	39.503
42854	28101	17.583
42854	28127	21.658
42854	28102	69.215
42854	28073	13.226
42854	28129	34.585
42854	28046	18.706
42854	28066	37.361
42854	28112	35.675
42854	28069	37.549
42854	28116	59.428
42854	28049	31.177
42854	28041	18.943
42854	28094	38.306
42854	28099	66.788
42854	28048	17.834
42854	28117	34.014
42854	28103	81.426
42854	28058	11.128
42854	28061	88.652
42854	28072	37.805
42854	28111	19.166
42854	28142	27.263
42854	28107	17.943
42854	28044	7.87
42854	28124	21.695
42854	28047	12.221
42854	28143	19.875
42854	28043	42.949
42854	28051	77.289
42854	28040	11.879
42854	28086	57.068
42854	28065	42.572
42854	28566	56.505
42854	28571	75.63
42854	28477	35.253
42854	28476	7.045
42854	28579	22.892
42854	29702	4.158
42854	29777	30.734
42854	32097	18.767
42854	32093	40.24
42854	32096	17.438
42854	32094	43.042
42854	32095	71.377
42854	32091	11.61
42854	32090	39.205
42854	32098	40.291
42854	32498	45.538
42854	32494	27.187
42854	32873	41.657
42854	32872	43.135
42854	32818	20.336
42854	35788	43.007
42854	35729	82.144
42854	35754	35.708
42854	35722	42.944
42854	35870	42.854
42854	36143	34.971
42854	38295	10.861
42854	38389	5.057
42854	38252	18.506
42854	38064	3.873
42854	38062	60.511
42854	38049	5.097
42854	38063	46.442
42854	38058	36.551
42854	38061	84.78
42854	38249	42.453
42854	38052	19.227
42854	38236	33.25
42854	38060	10.894
42854	38067	37.124
42854	38287	5.631
42854	38111	41.542
42854	38297	43.477
42854	38053	42.679
42854	38250	37.148
42854	38065	36.75
42854	38051	-1
42854	38050	14.552
42854	38069	32.59
42854	38059	12.046
42854	38245	32.661
42854	38395	24.846
42854	38066	37.827
42854	38386	5.823
42854	38604	77.573
42854	38483	11.104
42854	38642	53.684
42854	38552	5.324
42854	38513	32.71
42854	38643	7.862
42854	38573	14.16
42854	38646	36.304
42854	38459	29.199
42854	38603	15.062
42854	38486	12.686
42854	38554	29.408
42854	38644	37.434
42854	38602	72.576
42854	38453	6.622
42854	38484	43.164
42854	42788	38.094
42854	42786	16.233
42854	42783	38.243
42854	42780	33.49
42854	42790	34.989
42854	42778	42.716
42854	42784	8.97
42854	42787	57.11
42854	42781	12.198
42854	42779	31.29
42854	42785	23.869
42854	42789	17.887
42854	42782	16.018
42854	43146	48.599
42854	43087	42.849
42854	43120	61.524
42854	43046	68.155
42854	43011	44.604
42854	43007	72.622
42854	43102	41.453
42854	43153	69.771
42854	43021	16.548
42854	43031	2.567
42854	43125	39.695
42854	43145	48.156
42854	43113	58.299
42854	43135	48.42
42854	43154	6.071
42854	43137	17.535
42854	43008	14.129
42854	43059	54.961
42854	43022	7.015
42854	43064	11.821
42854	43060	12.783
42854	43126	39.964
42854	43117	35.415
42854	43123	5.523
42854	43134	33.639
42854	43050	72.15
42854	43127	31.284
42854	43133	44.793
42854	43094	20.186
42854	42853	62.245
42854	43111	66.725
42854	43131	15.325
42854	43115	39.893
42854	43121	10.737
42854	43068	54.882
42854	43152	92.767
42854	43029	83.995
42854	43142	41.067
42854	43083	17.201
42854	43088	48.544
42854	43028	11.213
42854	43020	69.304
42854	43104	77.635
42854	43122	1.307
42854	43078	33.611
42854	43036	42.849
42854	43114	45.39
42854	43116	44.217
42854	43092	28.309
42854	43034	33.654
42854	43095	19.991
42854	43009	44.508
42854	43084	67.277
42854	43042	70.193
42854	43147	66.125
42854	43067	19.395
42854	43148	44.66
42854	43030	10.929
42854	43129	35.614
42854	43027	25.183
42854	43076	17.836
42854	43019	13.943
42854	43057	69.056
42854	43124	52.948
42854	43110	16.896
42854	43072	4.043
42854	43063	6.952
42854	42924	8.628
42854	43109	2.129
42854	43081	40.768
42854	43054	70.603
42854	42925	9.76
42854	43075	53.346
42854	43090	40.835
42854	43099	13.594
42854	43139	40.674
42854	43035	47.226
42854	43044	80.988
42854	43096	3.991
42854	43149	42.707
42854	43089	66.088
42854	43100	21.841
42854	43012	69.141
42854	43150	46.378
42854	43023	1.439
42854	43079	283.573
42854	43077	39.045
42854	43070	47.777
42854	43056	17.736
42854	43066	4.291
42854	43098	59.433
42854	43005	40.358
42854	43062	2.451
42854	43024	82.088
42854	42926	54.845
42854	43103	29.445
42854	43085	63.012
42854	43091	45.791
42854	43038	2.786
42854	43118	18.317
42854	43047	46.102
42854	43033	22.984
42854	43071	8.989
42854	43112	10.433
42854	43013	39.563
42854	43017	5.701
42854	43141	45.169
42854	43051	45.392
42854	43065	87.492
42854	43032	79.522
42854	43052	30.477
42854	43132	32.341
42854	43136	46.641
42854	43086	7.324
42854	43037	76.533
42854	43015	44.264
42854	43058	73.905
42854	43018	13.726
42854	43101	51.552
42854	43045	3.314
42854	43080	45.791
42854	42927	12.359
42854	43016	9.981
42854	43138	29.246
42854	43108	72.115
42854	43106	46.837
42854	42923	75.931
42854	43069	31.16
42854	43040	2.985
42854	43061	4.026
42854	43119	70.897
42854	43025	46.122
42854	43043	14.657
42854	43107	11.001
42854	43073	2.164
42854	43055	71.072
42854	43082	42.617
42854	43151	44.695
42854	43156	83.979
42854	43143	45.112
42854	43130	16.031
42854	43097	68.251
42854	43144	43.36
42854	43048	73.89
42854	43041	45.142
42854	43155	66.566
42854	43039	81.147
42854	43026	49.037
42854	43093	73.472
42854	43006	11.285
42854	43049	10.728
42854	43053	59.569
42854	43010	8.542
42854	43105	44.142
42854	43074	75.736
42854	43014	56.122
42854	43128	17.584
42854	43140	20.58
42854	43378	2.193
42854	43319	10.934
42854	43530	42.367
42854	43282	12.046
42854	43298	69.575
42854	43275	69.092
42854	43491	75.046
42854	43309	72.847
42854	43314	6.169
42854	43555	56.632
42854	43560	11.69
42854	43274	68.178
42854	43997	74.81
42854	43893	47.264
42854	43713	38.257
42854	43763	39.962
42854	43631	8.908
42854	43847	47.528
42854	43833	70.358
42854	43630	12.489
42854	44254	62.991
42854	44398	5.488
42854	44059	40.028
42854	44397	7.562
42854	44072	46.296
42854	44253	67.308
42854	44092	77.795
42854	44395	18.274
42854	44394	64.944
42854	44018	62.094
42854	44019	57.956
42854	44027	6.852
42854	44071	55.871
42854	44396	70.019
42854	44028	65.278
42854	44041	82.545
42854	44285	81.947
42854	44399	7.18
42854	44073	5.465
42854	44074	13.036
42854	44417	68.886
42854	44405	13.913
42854	44411	15.412
42854	44415	13.434
42854	44419	7.387
42854	44408	9.707
42854	44414	9.556
42854	44410	68.312
42854	44407	3.126
42854	44409	4.798
42854	44558	41.538
42854	44404	34.931
42854	44406	13.401
42854	44413	69.954
42854	44418	4.286
42854	44403	43.384
42854	44420	9.908
42854	44421	20.616
42854	44416	8.867
42854	44412	13.249
42854	44402	6.656
42854	44522	65.944
42854	45028	70.268
42854	44973	36.278
42854	44972	71.606
42854	45071	76.542
42854	44846	39.345
42854	45436	3.707
42854	45258	93.871
42854	45217	37.083
42854	45310	37.974
42854	45441	83.491
42854	45515	101.095
42854	45287	69.357
42854	45517	90.358
42854	45365	16.518
42854	45518	84.784
42854	45339	41.734
42854	45556	71.132
42854	45443	9.203
42854	45309	88.36
42854	45520	102.651
42854	45512	66.263
42854	45522	89.751
42854	45232	68.956
42854	45366	75.852
42854	45516	94.618
42854	45575	69.516
42854	45519	91.596
42854	45257	96.488
42854	45521	97.285
42854	45823	15.668
42854	45602	9.879
42854	45783	61.88
42854	46119	81.526
42854	46188	10.121
42854	46354	79.86
42854	46194	47.725
42854	46512	36.769
42854	46500	72.773
42854	46567	41.337
42854	47567	43.671
42854	47514	17.693
42854	47515	33.695
42854	47565	41.91
42854	47569	22.612
42854	47570	30.937
42854	47566	39.666
42854	47568	39.498
42854	47919	17.943
42854	47916	7.468
42854	47880	47.442
42854	47921	42.651
42854	47920	60.43
42854	47918	15.93
42854	47674	44.579
42854	47964	73.196
42854	47850	44.076
42854	47923	34.982
42854	47925	58.408
42854	47915	41.453
42854	47647	76.496
42854	47678	70.51
42854	47914	66.578
42854	47980	70.601
42854	47913	44.286
42854	47657	66.781
42854	47803	26.801
42854	47673	61.587
42854	47922	41.167
42854	47924	34.931
42854	47865	37.317
42854	47917	6.714
42854	48063	41.657
42854	48137	10.835
42854	48186	42.835
42854	48660	65.784
42854	48541	58.395
42854	48633	38.873
42854	49473	29.076
42854	49313	39.754
42854	49059	15.708
42854	49153	60.578
42854	50966	17.27
42854	50604	4.487
42854	50448	52.935
42854	1633	41.425
43055	3469	19.773
43055	3889	38.201
43055	3865	57.04
43055	3891	42.109
43055	3866	47.437
43055	3961	15.786
43055	3890	17.045
43055	3887	7.654
43055	3868	36.617
43055	3999	25.208
43055	4709	39.442
43055	5309	59.266
43055	6971	64.894
43055	7015	34.924
43055	6948	21.735
43055	8694	18.304
43055	9368	42.527
43055	9274	13.976
43055	9876	55.209
43055	11000	44.261
43055	11619	52.268
43055	12229	53.54
43055	12730	57.544
43055	13179	32.632
43055	13113	28.644
43055	13252	38.934
43055	13344	55.548
43055	13260	28.533
43055	13862	29.467
43055	15149	6.048
43055	15095	31.155
43055	15597	56.081
43055	16159	47.604
43055	16742	52.644
43055	16741	16.733
43055	17805	44.947
43055	18346	28.127
43055	18562	24.083
43055	28042	15.506
43055	28123	15.651
43055	28085	58.619
43055	28130	57.528
43055	28067	69.43
43055	28110	55.989
43055	28131	13.499
43055	28088	77.222
43055	28060	55.405
43055	28109	5.983
43055	28070	69.721
43055	28132	23.596
43055	28082	23.434
43055	28089	26.498
43055	28050	39.839
43055	28071	69.382
43055	28064	40.001
43055	28101	51.908
43055	28127	58.06
43055	28102	4.365
43055	28073	56.202
43055	28129	24.933
43055	28046	52.306
43055	28066	37.955
43055	28112	38.691
43055	28069	24.012
43055	28116	47.027
43055	28049	48.548
43055	28041	35.617
43055	28094	23.758
43055	28099	9.673
43055	28048	52.144
43055	28117	40.664
43055	28103	20.504
43055	28058	43.799
43055	28061	27.73
43055	28072	39.732
43055	28111	57.647
43055	28142	29.492
43055	28107	40.379
43055	28044	65.103
43055	28124	57.103
43055	28047	56.775
43055	28143	34.737
43055	28043	12.999
43055	28051	7.318
43055	28040	42.671
43055	28086	44.667
43055	28065	33.685
43055	28566	22.692
43055	28571	4.509
43055	28477	41.791
43055	28476	71.798
43055	28579	53.378
43055	29702	70.445
43055	29777	49.17
43055	32097	59.091
43055	32093	22.831
43055	32096	42.045
43055	32094	40.906
43055	32095	3.641
43055	32091	45.014
43055	32090	39.558
43055	32098	37.867
43055	32498	39.764
43055	32494	47.775
43055	32873	15.939
43055	32872	13.337
43055	32818	59.554
43055	35788	13.75
43055	35729	21.222
43055	35754	27.891
43055	35722	15.453
43055	35870	15.37
43055	36143	49.972
43055	38295	64.184
43055	38389	71.263
43055	38252	60.2
43055	38064	71.541
43055	38062	14.888
43055	38049	70.858
43055	38063	26.08
43055	38058	49.106
43055	38061	23.858
43055	38249	23.202
43055	38052	58.408
43055	38236	27.697
43055	38060	49.661
43055	38067	47.811
43055	38287	69.6
43055	38111	18.241
43055	38297	14.664
43055	38053	36.905
43055	38250	23.038
43055	38065	43.288
43055	38051	-1
43055	38050	40.904
43055	38069	47.074
43055	38059	63.166
43055	38245	55.508
43055	38395	54.694
43055	38066	37.503
43055	38386	81.086
43055	38604	7.602
43055	38483	55.886
43055	38642	39.601
43055	38552	66.93
43055	38513	45.696
43055	38643	65.827
43055	38573	56.743
43055	38646	59.151
43055	38459	49.748
43055	38603	54.282
43055	38486	63.227
43055	38554	52.255
43055	38644	36.649
43055	38602	2.605
43055	38453	67.136
43055	38484	19.816
43055	42788	27.163
43055	42786	53.752
43055	42783	45.432
43055	42780	43.254
43055	42790	50.64
43055	42778	13.422
43055	42784	68.033
43055	42787	17.081
43055	42781	55.08
43055	42779	44.312
43055	42785	34.473
43055	42789	51.171
43055	42782	52.091
43055	43146	34.507
43055	43087	22.046
43055	43120	27.712
43055	43046	6.199
43055	43011	36.943
43055	43007	1.558
43055	43102	24.085
43055	43153	8.294
43055	43021	52.291
43055	43031	71.956
43055	43125	22.698
43055	43145	34.073
43055	43113	45.897
43055	43135	39.455
43055	43154	73.723
43055	43137	52.03
43055	43008	55.027
43055	43059	40.878
43055	43022	48.071
43055	43064	57.141
43055	43060	54.322
43055	43126	18.229
43055	43117	24.892
43055	43123	69.34
43055	43134	45.022
43055	43050	0.891
43055	43127	47.403
43055	43133	24.244
43055	43094	58.595
43055	42853	11.958
43055	43111	9.939
43055	43131	53.747
43055	43115	25.366
43055	43121	69.363
43055	43068	12.87
43055	43152	31.845
43055	43029	23.073
43055	43142	35.292
43055	43083	58.637
43055	43088	34.461
43055	43028	49.98
43055	43020	9.048
43055	43104	16.713
43055	43122	72.087
43055	43078	26.122
43055	43036	18.239
43055	43114	29.869
43055	43116	15.113
43055	43092	46.365
43055	43034	56.501
43055	43095	59.403
43055	43009	38.734
43055	43084	5.109
43055	43042	1.77
43055	43147	11.561
43055	43067	56.249
43055	43148	35.695
43055	43030	73.282
43055	43129	51.265
43055	43027	49.592
43055	43076	39.525
43055	43019	42.811
43055	43057	5.851
43055	43124	28.318
43055	43110	40.29
43055	43072	69.219
43055	43063	70.37
43055	42924	48.679
43055	43109	72.431
43055	43081	23.001
43055	43054	3.92
43055	42925	61.958
43055	43075	26.706
43055	43090	15.729
43055	43099	46.998
43055	43139	17.842
43055	43035	17.672
43055	43044	20.066
43055	43096	70.329
43055	43149	24.576
43055	43089	8.973
43055	43100	56.932
43055	43012	8.885
43055	43150	38.717
43055	43023	71.513
43055	43079	223.089
43055	43077	20.34
43055	43070	42.003
43055	43056	56.782
43055	43066	68.703
43055	43098	15.429
43055	43005	35.39
43055	43062	70.01
43055	43024	21.166
43055	42926	40.762
43055	43103	52.292
43055	43085	12.231
43055	43091	17.86
43055	43038	70.684
43055	43118	50.765
43055	43047	38.441
43055	43033	34.524
43055	43071	79
43055	43112	65.285
43055	43013	16.87
43055	43017	66.401
43055	43141	18.673
43055	43051	37.731
43055	43065	26.57
43055	43032	9.551
43055	43052	46.987
43055	43132	55.188
43055	43136	32.548
43055	43086	65.17
43055	43037	4.518
43055	43015	35.404
43055	43058	2.191
43055	43018	55.299
43055	43101	28.071
43055	43045	73.461
43055	43080	17.86
43055	42927	55.162
43055	43016	58.792
43055	43138	48.52
43055	43108	1.003
43055	43106	39.176
43055	42923	9.919
43055	43069	53.579
43055	43040	70.095
43055	43061	69.346
43055	43119	10.978
43055	43025	37.157
43055	43043	40.526
43055	43107	63.711
43055	43073	71.497
43055	42854	72.92
43055	43082	33.652
43055	43151	35.73
43055	43156	23.057
43055	43143	39.338
43055	43130	53.453
43055	43097	6.295
43055	43144	34.395
43055	43048	3.919
43055	43041	36.176
43055	43155	7.16
43055	43039	20.225
43055	43026	47.346
43055	43093	3.501
43055	43006	57.843
43055	43049	62.483
43055	43053	14.987
43055	43010	78.553
43055	43105	17.329
43055	43074	14.814
43055	43014	21.081
43055	43128	52.206
43055	43140	56.593
43055	43378	72.939
43055	43319	70.779
43055	43530	14.281
43055	43282	63.166
43055	43298	1.725
43055	43275	1.831
43055	43491	5.075
43055	43309	2.876
43055	43314	76.856
43055	43555	44.231
43055	43560	50.457
43055	43274	3.587
43055	43997	5.128
43055	43893	23.792
43055	43713	61.104
43055	43763	24.74
43055	43631	45.856
43055	43847	33.445
43055	43833	10.336
43055	43630	44.456
43055	44254	11.794
43055	44398	70.566
43055	44059	16.612
43055	44397	65.924
43055	44072	32.821
43055	44253	10.181
43055	44092	7.824
43055	44395	38.827
43055	44394	8.379
43055	44018	46.611
43055	44019	42.473
43055	44027	76.863
43055	44071	41.788
43055	44396	1.846
43055	44028	5.507
43055	44041	21.623
43055	44285	21.025
43055	44399	69.8
43055	44073	74.291
43055	44074	43.304
43055	44417	4.5
43055	44405	53.434
43055	44411	59.505
43055	44415	58.382
43055	44419	68.4
43055	44408	66.897
43055	44414	66.97
43055	44410	3.721
43055	44407	73.011
43055	44409	74.814
43055	44558	24.152
43055	44404	47.202
43055	44406	56.082
43055	44413	2.716
43055	44418	67.958
43055	44403	35.355
43055	44420	49.315
43055	44421	35.575
43055	44416	48.918
43055	44412	55.852
43055	44402	75.671
43055	44522	5.977
43055	45028	3.444
43055	44973	59.125
43055	44972	6.901
43055	45071	4.527
43055	44846	25.111
43055	45436	70.445
43055	45258	32.949
43055	45217	24.945
43055	45310	25.693
43055	45441	25.657
43055	45515	40.173
43055	45287	9.101
43055	45517	29.436
43055	45365	50.755
43055	45518	23.862
43055	45339	14.859
43055	45556	6.537
43055	45443	64.917
43055	45309	27.438
43055	45520	41.729
43055	45512	11.739
43055	45522	28.829
43055	45232	5.618
43055	45366	7.136
43055	45516	33.696
43055	45575	5.837
43055	45519	30.674
43055	45257	35.566
43055	45521	36.363
43055	45823	54.92
43055	45602	67.475
43055	45783	13.882
43055	46119	20.604
43055	46188	62.739
43055	46354	18.938
43055	46194	38.76
43055	46512	27.137
43055	46500	11.296
43055	46567	23.52
43055	47567	37.897
43055	47514	57.757
43055	47515	49.346
43055	47565	22.707
43055	47569	50.464
43055	47570	43.187
43055	47566	16.665
43055	47568	23.814
43055	47919	40.379
43055	47916	65.072
43055	47880	41.668
43055	47921	40.469
43055	47920	44.947
43055	47918	53.54
43055	47674	18.812
43055	47964	12.22
43055	47850	19.419
43055	47923	49.984
43055	47925	15.672
43055	47915	24.085
43055	47647	10.185
43055	47678	0.99
43055	47914	5.707
43055	47980	3.52
43055	47913	13.989
43055	47657	7.035
43055	47803	48.219
43055	47673	10.694
43055	47922	42.109
43055	47924	47.202
43055	47865	37.911
43055	47917	77.235
43055	48063	15.939
43055	48137	70.68
43055	48186	39.815
43055	48660	12.702
43055	48541	45.994
43055	48633	16.379
43055	49473	49.133
43055	49313	17.058
43055	49059	53.517
43055	49153	14.753
43055	50966	58.126
43055	50604	74.503
43055	50448	24.665
43055	1633	36.456
43082	3469	41.235
43082	3889	5.85
43082	3865	28.155
43082	3891	9.593
43082	3866	18.552
43082	3961	34.196
43082	3890	38.506
43082	3887	31.661
43082	3868	7.313
43082	3999	28.501
43082	4709	7.289
43082	5309	30.381
43082	6971	36.009
43082	7015	31.023
43082	6948	28.087
43082	8694	26.726
43082	9368	18.523
43082	9274	19.849
43082	9876	26.324
43082	11000	11.774
43082	11619	23.383
43082	12229	24.655
43082	12730	28.659
43082	13179	26.072
43082	13113	22.995
43082	13252	7.608
43082	13344	26.663
43082	13260	6.678
43082	13862	26.513
43082	15149	32.768
43082	15095	25.512
43082	15597	27.195
43082	16159	18.719
43082	16742	23.758
43082	16741	38.317
43082	17805	20.944
43082	18346	17.619
43082	18562	8.521
43082	28042	29.128
43082	28123	28.52
43082	28085	29.733
43082	28130	28.643
43082	28067	40.544
43082	28110	27.104
43082	28131	26.446
43082	28088	48.337
43082	28060	26.519
43082	28109	31.118
43082	28070	40.836
43082	28132	29.949
43082	28082	29.786
43082	28089	9.864
43082	28050	34.427
43082	28071	40.496
43082	28064	11.121
43082	28101	23.023
43082	28127	29.174
43082	28102	29.755
43082	28073	27.316
43082	28129	29.234
43082	28046	23.421
43082	28066	9.076
43082	28112	9.806
43082	28069	16.694
43082	28116	19.941
43082	28049	19.662
43082	28041	32.277
43082	28094	15.071
43082	28099	27.327
43082	28048	23.258
43082	28117	11.779
43082	28103	41.966
43082	28058	36.167
43082	28061	49.192
43082	28072	10.852
43082	28111	28.762
43082	28142	24.007
43082	28107	31.451
43082	28044	36.217
43082	28124	28.218
43082	28047	27.89
43082	28143	31.48
43082	28043	26.998
43082	28051	37.829
43082	28040	35.039
43082	28086	17.581
43082	28065	1.631
43082	28566	17.601
43082	28571	36.169
43082	28477	12.905
43082	28476	42.913
43082	28579	24.493
43082	29702	41.559
43082	29777	20.284
43082	32097	30.206
43082	32093	17.005
43082	32096	41.094
43082	32094	9.538
43082	32095	31.917
43082	32091	37.381
43082	32090	7.009
43082	32098	6.719
43082	32498	7.992
43082	32494	18.889
43082	32873	29.561
43082	32872	28.683
43082	32818	30.669
43082	35788	30.238
43082	35729	42.683
43082	35754	22.473
43082	35722	33.862
43082	35870	32.462
43082	36143	16.262
43082	38295	35.299
43082	38389	42.378
43082	38252	31.314
43082	38064	42.656
43082	38062	21.051
43082	38049	41.972
43082	38063	6.484
43082	38058	15.139
43082	38061	45.319
43082	38249	29.555
43082	38052	29.522
43082	38236	16.364
43082	38060	42.029
43082	38067	12.579
43082	38287	40.714
43082	38111	28.206
43082	38297	27.35
43082	38053	5.757
43082	38250	29.391
43082	38065	14.403
43082	38051	-1
43082	38050	36.38
43082	38069	18.188
43082	38059	34.28
43082	38245	26.622
43082	38395	25.808
43082	38066	8.623
43082	38386	52.201
43082	38604	38.113
43082	38483	27
43082	38642	9.162
43082	38552	38.044
43082	38513	16.811
43082	38643	36.941
43082	38573	27.857
43082	38646	30.265
43082	38459	20.862
43082	38603	25.396
43082	38486	34.342
43082	38554	23.37
43082	38644	7.77
43082	38602	33.116
43082	38453	38.251
43082	38484	26.169
43082	42788	10.08
43082	42786	24.866
43082	42783	11.135
43082	42780	14.369
43082	42790	21.754
43082	42778	28.86
43082	42784	39.148
43082	42787	17.65
43082	42781	26.195
43082	42779	15.426
43082	42785	26.579
43082	42789	22.286
43082	42782	23.206
43082	43146	5.416
43082	43087	8.614
43082	43120	22.064
43082	43046	28.695
43082	43011	4.889
43082	43007	33.161
43082	43102	28.219
43082	43153	30.31
43082	43021	23.406
43082	43031	43.071
43082	43125	29.05
43082	43145	8.694
43082	43113	18.812
43082	43135	6.611
43082	43154	44.838
43082	43137	23.145
43082	43008	26.142
43082	43059	9.04
43082	43022	47.123
43082	43064	28.255
43082	43060	25.437
43082	43126	37.526
43082	43117	30.651
43082	43123	40.455
43082	43134	16.136
43082	43050	32.69
43082	43127	18.518
43082	43133	5.419
43082	43094	29.71
43082	42853	22.784
43082	43111	27.264
43082	43131	24.862
43082	43115	7.953
43082	43121	40.477
43082	43068	30.809
43082	43152	53.307
43082	43029	44.535
43082	43142	4.635
43082	43083	29.752
43082	43088	9.082
43082	43028	42.348
43082	43020	29.843
43082	43104	38.175
43082	43122	43.202
43082	43078	31.843
43082	43036	35.332
43082	43114	5.928
43082	43116	33.523
43082	43092	17.48
43082	43034	27.616
43082	43095	30.518
43082	43009	6.499
43082	43084	27.817
43082	43042	30.732
43082	43147	26.665
43082	43067	27.363
43082	43148	3.369
43082	43030	44.397
43082	43129	22.38
43082	43027	20.706
43082	43076	32.328
43082	43019	36.462
43082	43057	29.595
43082	43124	15.588
43082	43110	35.172
43082	43072	40.334
43082	43063	41.485
43082	42924	48.737
43082	43109	43.546
43082	43081	27.533
43082	43054	31.143
43082	42925	33.072
43082	43075	13.885
43082	43090	32.821
43082	43099	39.365
43082	43139	31.464
43082	43035	22.699
43082	43044	41.528
43082	43096	41.444
43082	43149	5.48
43082	43089	26.628
43082	43100	28.047
43082	43012	29.681
43082	43150	6.663
43082	43023	42.627
43082	43079	244.095
43082	43077	36.853
43082	43070	8.983
43082	43056	27.897
43082	43066	39.817
43082	43098	19.973
43082	43005	6.514
43082	43062	41.125
43082	43024	42.628
43082	42926	8.924
43082	43103	23.407
43082	43085	23.552
43082	43091	24.213
43082	43038	41.799
43082	43118	21.88
43082	43047	6.697
43082	43033	28.929
43082	43071	50.114
43082	43112	36.4
43082	43013	31.89
43082	43017	37.516
43082	43141	21.23
43082	43051	5.677
43082	43065	48.031
43082	43032	40.061
43082	43052	18.102
43082	43132	26.303
43082	43136	7.178
43082	43086	36.285
43082	43037	37.072
43082	43015	4.432
43082	43058	34.444
43082	43018	26.413
43082	43101	12.091
43082	43045	44.576
43082	43080	24.213
43082	42927	26.276
43082	43016	29.906
43082	43138	19.635
43082	43108	32.655
43082	43106	7.122
43082	42923	36.454
43082	43069	24.693
43082	43040	41.21
43082	43061	40.461
43082	43119	31.437
43082	43025	4.312
43082	43043	32.012
43082	43107	34.826
43082	43073	42.612
43082	42854	44.035
43082	43055	31.612
43082	43151	3.114
43082	43156	44.519
43082	43143	6.33
43082	43130	24.568
43082	43097	28.791
43082	43144	1.622
43082	43048	34.43
43082	43041	3.466
43082	43155	27.106
43082	43039	41.687
43082	43026	7.457
43082	43093	34.012
43082	43006	28.958
43082	43049	33.597
43082	43053	20.109
43082	43010	49.668
43082	43105	20.906
43082	43074	36.276
43082	43014	16.662
43082	43128	23.321
43082	43140	27.708
43082	43378	44.054
43082	43319	41.894
43082	43530	29.949
43082	43282	34.28
43082	43298	30.114
43082	43275	29.631
43082	43491	35.586
43082	43309	33.387
43082	43314	47.97
43082	43555	17.146
43082	43560	42.825
43082	43274	28.717
43082	43997	35.349
43082	43893	6.996
43082	43713	32.219
43082	43763	26.728
43082	43631	38.224
43082	43847	8.065
43082	43833	30.898
43082	43630	36.824
43082	44254	23.531
43082	44398	41.681
43082	44059	30.234
43082	44397	37.039
43082	44072	4.861
43082	44253	27.847
43082	44092	38.335
43082	44395	34.457
43082	44394	25.483
43082	44018	22.608
43082	44019	18.47
43082	44027	47.977
43082	44071	9.95
43082	44396	30.559
43082	44028	25.817
43082	44041	43.085
43082	44285	42.487
43082	44399	40.914
43082	44073	45.406
43082	44074	35.671
43082	44417	29.425
43082	44405	24.549
43082	44411	37.239
43082	44415	29.497
43082	44419	39.515
43082	44408	38.011
43082	44414	38.084
43082	44410	28.852
43082	44407	44.125
43082	44409	45.929
43082	44558	27.654
43082	44404	18.317
43082	44406	27.197
43082	44413	30.493
43082	44418	39.072
43082	44403	3.158
43082	44420	50.017
43082	44421	29.781
43082	44416	48.976
43082	44412	26.967
43082	44402	46.786
43082	44522	26.484
43082	45028	30.807
43082	44973	30.239
43082	44972	32.145
43082	45071	37.081
43082	44846	28.404
43082	45436	41.56
43082	45258	54.411
43082	45217	14.099
43082	45310	14.739
43082	45441	44.031
43082	45515	61.635
43082	45287	29.896
43082	45517	50.898
43082	45365	21.869
43082	45518	45.324
43082	45339	27.738
43082	45556	31.672
43082	45443	36.032
43082	45309	48.899
43082	45520	63.19
43082	45512	26.803
43082	45522	50.29
43082	45232	29.495
43082	45366	32.271
43082	45516	55.158
43082	45575	30.055
43082	45519	52.136
43082	45257	57.028
43082	45521	57.825
43082	45823	26.035
43082	45602	38.589
43082	45783	22.42
43082	46119	42.065
43082	46188	33.854
43082	46354	40.4
43082	46194	6.145
43082	46512	17.198
43082	46500	33.312
43082	46567	10.059
43082	47567	5.027
43082	47514	28.872
43082	47515	20.46
43082	47565	23.35
43082	47569	21.579
43082	47570	14.302
43082	47566	30.286
43082	47568	19.986
43082	47919	31.451
43082	47916	36.187
43082	47880	8.736
43082	47921	9.101
43082	47920	20.944
43082	47918	24.655
43082	47674	19.084
43082	47964	33.736
43082	47850	20.841
43082	47923	16.273
43082	47925	18.168
43082	47915	28.219
43082	47647	37.019
43082	47678	31.05
43082	47914	27.118
43082	47980	31.14
43082	47913	32.399
43082	47657	27.32
43082	47803	19.334
43082	47673	22.126
43082	47922	9.593
43082	47924	18.317
43082	47865	9.032
43082	47917	48.35
43082	48063	29.561
43082	48137	41.794
43082	48186	8.447
43082	48660	26.323
43082	48541	18.909
43082	48633	30.001
43082	49473	20.248
43082	49313	37.291
43082	49059	24.631
43082	49153	21.117
43082	50966	29.241
43082	50604	45.618
43082	50448	13.475
43082	1633	7.581
43151	3469	43.484
43151	3889	3.062
43151	3865	30.081
43151	3891	9.388
43151	3866	20.478
43151	3961	36.445
43151	3890	40.755
43151	3887	33.91
43151	3868	9.239
43151	3999	30.427
43151	4709	7.084
43151	5309	32.307
43151	6971	37.935
43151	7015	32.95
43151	6948	30.337
43151	8694	28.975
43151	9368	15.63
43151	9274	22.098
43151	9876	28.25
43151	11000	11.569
43151	11619	25.309
43151	12229	26.581
43151	12730	30.585
43151	13179	27.998
43151	13113	25.244
43151	13252	7.403
43151	13344	28.589
43151	13260	8.927
43151	13862	28.762
43151	15149	35.017
43151	15095	27.761
43151	15597	29.121
43151	16159	15.231
43151	16742	25.685
43151	16741	40.566
43151	17805	18.05
43151	18346	19.868
43151	18562	10.447
43151	28042	31.377
43151	28123	30.769
43151	28085	31.659
43151	28130	30.569
43151	28067	42.47
43151	28110	29.03
43151	28131	28.695
43151	28088	50.263
43151	28060	28.446
43151	28109	33.367
43151	28070	42.762
43151	28132	32.198
43151	28082	32.035
