476	226100
-23.7692218	-46.6986378
-23.4613107	-46.7050152
-23.562638600000003	-46.4924293
-23.475279699999998	-46.64171839999999
-23.553746899999997	-46.5799659
-23.7148062	-46.687261
-23.7439673	-46.7035484
-23.642293399999996	-46.7808237
-23.505215300000003	-46.670571200000005
-23.596661899999997	-46.592506
-23.461758	-46.67329669999999
-23.59926	-46.48333220000001
-23.508047	-46.463784999999994
-23.6173747	-46.5075657
-23.633556600000002	-46.6125815
-23.6524292	-46.6379878
-23.4316755	-46.781722200000004
-23.5980545	-46.734665500000006
-23.5022036	-46.493882799999994
-23.4623178	-46.6296539
-23.588589199999998	-46.5602034
-23.5001716	-46.51682659999999
-23.545006	-46.486847
-23.605091100000003	-46.555048600000006
-23.584770000000002	-46.7909549
-23.476943600000002	-46.659091100000005
-23.5733437	-46.51583970000001
-23.514091	-46.746573600000005
-23.5926537	-46.78364029999999
-23.675942300000003	-46.792129700000004
-23.600726	-46.795369
-23.537767600000002	-46.4918694
-23.4649947	-46.6048435
-23.5700464	-46.5346103
-23.742701899999997	-46.686249100000005
-23.4312857	-46.787648100000006
-23.575964000000003	-46.7752597
-23.538498800000003	-46.689203899999995
-23.673062100000003	-46.649359600000004
-23.664036	-46.64544249999999
-23.6010052	-46.508021
-23.5920172	-46.5163348
-23.534011	-46.442704
-23.6038842	-46.532566100000004
-23.6483225	-46.66217169999999
-23.4849662	-46.34947329999999
-23.5896451	-46.5348143
-23.6611996	-46.786255100000005
-23.5406005	-46.4393013
-23.6573493	-46.6142714
-23.6492784	-46.610417
-23.543776	-46.744808899999995
-23.6265135	-46.463716399999996
-23.5273652	-46.4356029
-23.486717199999998	-46.6553196
-23.5234676	-46.5263225
-23.59393	-46.511768100000005
-23.665628100000003	-46.7629059
-23.552438100000003	-46.4875654
-23.6192424	-46.586948
-23.497513199999997	-46.530339
-23.5254174	-46.651586200000004
-23.526245	-46.64185699999999
-23.5696198	-46.6235888
-23.3999249	-46.7510521
-23.4777755	-46.5879396
-23.623600500000002	-46.4931968
-23.5569779	-46.6419089
-23.634695100000002	-46.7557907
-23.553051	-46.524581
-23.525999399999996	-46.62105469999999
-23.7696124	-46.6846632
-23.596712300000004	-46.4400751
-23.8294076	-46.7271197
-23.497700899999998	-46.6549657
-23.5900703	-46.4999829
-23.5964669	-46.5675552
-23.611491100000002	-46.49400929999999
-23.5025625	-46.4500403
-23.584112	-46.516525200000004
-23.5301733	-46.479950099999996
-23.6212232	-46.509203899999996
-23.6620771	-46.6696664
-23.730154000000002	-46.788790000000006
-23.594972199999997	-46.448771
-23.4095797	-46.7572385
-23.4933297	-46.7009633
-23.5770512	-46.7344906
-23.7146759	-46.7776059
-23.5036628	-46.6314982
-23.4949963	-46.38007229999999
-23.5795832	-46.528333399999994
-23.5304125	-46.42163239999999
-23.549223899999998	-46.56103220000001
-23.598771300000003	-46.495013
-23.5627032	-46.6492443
-23.6324091	-46.442922100000004
-23.4620523	-46.6510067
-23.6791553	-46.779512100000005
-23.603734399999997	-46.429937
-23.489500699999997	-46.66453320000001
-23.4818082	-46.667012899999996
-23.465073800000003	-46.661776
-23.5119775	-46.565870600000004
-23.677735100000003	-46.652069700000006
-23.6744815	-46.6659658
-23.6058427	-46.5033451
-23.6856033	-46.6614845
-23.744987100000003	-46.6688972
-23.5822951	-46.582716
-23.696527399999997	-46.6629361
-23.6875817	-46.656961200000005
-23.449079100000002	-46.59643699999999
-23.5009685	-46.462325899999996
-23.504260100000003	-46.3854192
-23.616484399999997	-46.4958125
-23.5115075	-46.3844534
-23.6192504	-46.6870232
-23.542674899999998	-46.43108050000001
-23.5317711	-46.720518799999994
-23.449117899999997	-46.6101824
-23.7923543	-46.7386132
-23.6127322	-46.6162809
-23.595907699999998	-46.5002225
-23.5510579	-46.5982348
-23.6032036	-46.40354689999999
-23.4606901	-46.6227544
-23.494482	-46.4005343
-23.6479362	-46.63833349999999
-23.6536227	-46.652257899999995
-23.4820294	-46.6786015
-23.638505	-46.6060326
-23.4943794	-46.637310299999996
34.4208305	-119.69819009999999
-23.616898199999998	-46.456936999999996
-23.499852399999998	-46.5904286
-23.486158800000002	-46.459833200000006
-23.461010199999997	-46.583310600000004
-23.5962688	-46.5462835
-23.504897500000002	-46.6594021
-23.505569899999998	-46.3666304
-23.7332873	-46.7834367
-23.513748	-46.4829339
-23.4467938	-46.753799
-23.5151358	-46.43300670000001
-23.498638699999997	-46.59683820000001
-23.5103129	-46.4464014
-23.4897451	-46.4915098
-23.435900600000004	-46.5807948
-23.4925308	-46.573097499999996
-23.551083300000002	-46.505941
-23.488993	-46.476532
-23.4862826	-46.5768925
-23.5093563	-46.6641566
-23.6835438	-46.775461299999996
-23.492223199999998	-46.4159711
-23.6307902	-46.62566899999999
-23.532037600000002	-46.6523697
-23.560184500000002	-46.5101297
-23.475870899999997	-46.6304113
-23.5381787	-46.612041999999995
-23.573782	-46.5593139
-23.6741311	-46.65957230000001
-23.5394751	-46.455195
-23.587430800000003	-46.6852683
-23.5231609	-46.4904707
-23.5374907	-46.595440999999994
-23.5998592	-46.5399968
-23.546588	-46.5319789
-23.5053517	-46.5209756
-23.482301500000002	-46.7470085
-23.5537496	-46.6910563
-23.5872032	-46.770333
-23.654064	-46.757468700000004
-23.4708759	-46.69199940000001
-23.6980537	-46.760393799999996
-23.6136235	-46.5937525
-23.6830009	-46.7115453
-23.512776000000002	-46.5138867
-23.543558100000002	-46.4094614
-23.629596499999998	-46.6049193
-23.5024688	-46.7611498
-23.4356435	-46.7180836
-23.455533	-46.71653509999999
-23.5605659	-46.423367799999994
-23.536713600000002	-46.527623999999996
-23.546647	-46.5003237
-23.452660100000003	-46.7309598
-23.5767171	-46.411556299999994
-23.5295429	-46.476192700000006
-23.5095558	-46.4970669
-23.7029949	-46.6358951
-23.633648	-46.589042
-23.5023707	-46.42256649999999
-23.493586899999997	-46.600653799999996
-23.692373899999996	-46.7574551
-23.4906455	-46.591483700000005
-23.532007800000002	-46.70109799999999
-23.610337899999998	-46.5094928
-23.6353546	-46.6991085
-23.647620899999996	-46.7017643
-23.5377509	-46.514444700000006
-23.529626	-46.67770360000001
-23.5498029	-46.448725399999994
-23.6824443	-46.6680309
-23.8540253	-46.7082778
-23.7323046	-46.660217200000005
-23.494543300000004	-46.6852655
-23.5915065	-46.4859133
-23.4890102	-46.7593497
-23.5977406	-46.3915711
-23.6462668	-46.7725291
-23.743203899999997	-46.711250899999996
-23.5372741	-46.40504979999999
-23.6448973	-46.59318349999999
-23.7106496	-46.65329209999999
-23.5140031	-46.719954200000004
-23.6909981	-46.6701895
-23.517538100000003	-46.5766328
-23.452653100000003	-46.585728
-23.615462899999997	-46.510587799999996
-23.4703738	-46.6739437
-23.6654027	-46.7357567
-23.678639399999998	-46.762637700000006
-23.6174452	-46.7457553
-23.572374	-46.503646200000006
-23.4767758	-46.703439
-23.5840956	-46.448913899999994
-23.5675456	-46.547269899999996
-23.5109607	-46.550818400000004
-23.6154435	-46.4880035
-23.61324	-46.4527789
-23.6557057	-46.771094700000006
-23.5622116	-46.7645351
-23.631319199999997	-46.458017600000005
-23.50466	-46.4101961
-23.4857544	-46.39402329999999
-23.5869799	-46.406795200000005
-23.5211862	-46.3887831
-23.6123592	-46.60379959999999
-23.6714841	-46.7795974
-23.5623918	-46.4573151
-23.572761399999997	-46.76103079999999
-23.6971785	-46.648838700000006
-23.615111199999998	-46.4178334
-23.6890099	-46.64962020000001
-23.6262088	-46.6667053
-23.7537347	-46.6708924
-23.5118689	-46.4156098
-23.528147	-46.69552879999999
-23.637915600000003	-46.749792
-23.604915899999998	-46.520962899999994
-23.636651899999997	-46.76394819999999
-23.4586975	-46.6965882
-23.520565899999998	-46.3998567
-24.526933399999997	-48.1082112
-23.7034891	-46.6279564
-23.4501861	-46.6848185
-23.4822423	-46.493317299999994
-23.500175199999997	-46.40876979999999
-23.6099845	-46.7055629
-23.497587799999998	-46.6774355
-23.521189	-46.4123914
-23.755372	-46.6592343
-23.4464702	-46.749049600000006
-23.477548000000002	-46.5684592
-23.616901199999997	-46.7231432
-23.6288207	-46.6463032
-23.5364862	-46.4173433
-23.5351193	-46.536968200000004
-23.4620757	-46.6907021
-23.6129326	-46.5228434
-23.5883176	-46.386665
-23.5040965	-46.47065629999999
-23.6910389	-46.640497700000004
-23.504887300000004	-46.4335375
-23.5926128	-46.6713283
-23.465853600000003	-46.6964265
-23.8176066	-46.705345
-23.7469313	-46.7778285
-23.5058803	-46.587990399999995
-23.451435600000003	-46.5725945
-23.4958492	-46.7452875
-23.494106100000003	-46.436422
-23.7189499	-46.7700864
-23.4934962	-46.725177
-23.6986258	-46.7715865
-23.5362328	-46.50338319999999
-23.562712899999998	-46.7516434
-23.5470987	-46.39595739999999
-23.6288207	-46.6463032
-23.5185943	-46.4922721
-23.5540726	-46.46503
-23.4923905	-46.5851658
-23.689124800000002	-46.766121999999996
-23.4546049	-46.6995339
-23.6344474	-46.7770278
-23.4747105	-46.5804149
-23.512391	-46.4091294
-23.5262326	-46.418097100000004
-23.6805646	-46.686512
-23.4703121	-46.7216601
-23.6019748	-46.472024499999996
-23.4925095	-46.4594682
-23.5157185	-46.3977973
-23.530155999999998	-46.3977869
-23.688607	-46.759491
-23.4952933	-46.71256760000001
-23.477222	-46.7112527
-23.7851135	-46.68367429999999
-23.4668961	-46.6807204
-23.523591800000002	-46.508683500000004
-23.657908399999997	-46.756290299999996
-23.487625	-46.71320739999999
-23.6924143	-46.787872899999996
-23.4776598	-46.720994399999995
-23.648489899999998	-46.7539377
-23.773180399999998	-46.7133929
-23.4465182	-46.714503
-23.6990141	-46.780815800000006
-23.5393133	-46.476159
-23.5769067	-46.456292600000005
-23.5946711	-46.7516391
-23.5837914	-46.3930809
-23.604434899999998	-46.65442909999999
-23.731625899999997	-46.7029229
-23.5790988	-46.714953
-23.5271431	-46.527922600000004
-23.5787961	-46.509925
-23.5434289	-46.392388200000006
-23.5594368	-46.460248
-23.682487	-46.657959399999996
-23.486158800000002	-46.459833200000006
-23.6786207	-46.7555327
-23.679552899999997	-46.748988700000005
-23.700374399999998	-46.7907109
-23.6933817	-46.7807543
-23.5634542	-46.396726799999996
-23.4149775	-46.7513499
-23.6087599	-46.39897
-23.671987100000003	-46.7459635
-23.6929205	-46.794497
-23.537253200000002	-46.7224954
-23.4192573	-46.5903814
-23.603779199999998	-46.5960692
-23.5950837	-46.42062070000001
-23.4959822	-46.7501471
-23.673602499999998	-46.6854196
-23.6070013	-46.44460549999999
-23.6165853	-46.7263429
-23.5494203	-46.432926
-23.672239899999997	-46.637519
-23.4790803	-46.4195595
-23.4898583	-46.73835769999999
-23.629338	-46.7547266
-23.7354565	-46.78872459999999
-23.625132	-46.4692235
-23.64286	-46.741453
-23.4393856	-46.7941145
-23.4374352	-46.77878079999999
-23.5723853	-46.3945758
-23.4417309	-46.734212299999996
-23.688231299999998	-46.74808489999999
-23.656157	-46.735580999999996
-23.783437600000003	-46.712428300000006
-23.770876	-46.705722200000004
-23.5537467	-46.444689200000006
-23.5641908	-46.4181196
-23.608209600000002	-46.4501764
-23.6812763	-46.7383655
-23.5178091	-46.5062691
-23.6215369	-46.4573672
-23.5777793	-46.4812593
-23.523816	-46.4473999
-23.5303521	-46.45903320000001
-23.5208112	-46.4640666
-23.6715991	-46.74705529999999
-23.5455579	-46.4155018
-23.5537329	-46.3985834
-23.660130600000002	-46.63701
-23.4686977	-46.6033936
-23.5030847	-46.484074299999996
-23.673816199999997	-46.7561227
-23.5161128	-46.4266133
-23.483822600000003	-46.7031959
-23.5885605	-46.3964948
-23.616267899999997	-46.516682700000004
-23.5804337	-46.40438049999999
-23.555004800000003	-46.4919843
-23.5661598	-46.4087665
-23.656671499999998	-46.741468700000006
-23.671643300000003	-46.772749600000004
-23.4312857	-46.575058500000004
-23.666874	-46.7924898
-23.7171646	-46.765463200000006
-23.5967402	-46.5949857
-23.5088352	-46.3980422
-23.8483668	-46.6970564
-23.5509786	-46.628255100000004
-23.5471595	-46.6365732
-23.7798487	-46.674057899999994
-23.8743323	-46.6489361
-23.6414076	-46.77156179999999
-23.8319419	-46.71193040000001
-23.513849	-46.531837700000004
-23.7880492	-46.7222204
-23.6602133	-46.650443
-23.6547107	-46.78454060000001
-23.4871521	-46.43217749999999
-23.821353	-46.673458000000004
-23.906664399999997	-46.7079458
-23.6221715	-46.745841600000006
-23.840803899999997	-46.734928000000004
-23.663079500000002	-46.762355
-23.6532552	-46.78993320000001
-23.8687296	-46.753003
-23.6579467	-46.7753963
-23.850478600000002	-46.713282899999996
-23.8805586	-46.741558500000004
-23.868738399999998	-46.6782227
-23.491647699999998	-46.504590500000006
-23.5221372	-46.4692967
-23.617095199999998	-46.7181842
-23.774841100000003	-46.7010695
-23.4876566	-46.44915719999999
-23.7639671	-46.707412899999994
-23.455007199999997	-46.7105555
-23.570538	-46.6115553
-23.7099032	-46.71185209999999
-23.5532005	-46.67344629999999
-23.4734032	-46.6840088
-23.5877109	-46.4920295
-23.5709198	-46.5755075
-23.603850199999997	-46.62348799999999
-23.5614377	-46.55281129999999
-23.516268300000004	-46.60536810000001
-23.6785496	-46.644627
-23.5909888	-46.6090233
-23.611491100000002	-46.49400929999999
-23.497078100000003	-46.4402295
-23.453937300000003	-46.682840399999996
-23.4642145	-46.6546145
-23.4312857	-46.787648100000006
-23.5001716	-46.51682659999999
-23.5792987	-46.6748141
-23.7114735	-46.70031780000001
-23.598795000000003	-46.6397055
-23.4489663	-46.5961289
-23.5855969	-46.7323157
-23.6136235	-46.5937525
-23.636989	-46.7795195
-23.683928	-46.759170700000006
-23.6606813	-46.7437523
-23.6695044	-46.7562815
-23.694969699999998	-46.676822200000004
-23.6472033	-46.7568419
-23.526531600000002	-46.5507584
-23.6287645	-46.70774890000001
-23.475279699999998	-46.64171839999999
-23.4686977	-46.6033936
-23.5248373	-46.6517329
-23.566501300000002	-46.3926396
-23.677735100000003	-46.652069700000006
-23.556825699999997	-46.460423999999996
-23.467731399999998	-46.658824200000005
-23.6544837	-46.664039700000004
-23.4351529	-46.72783889999999
-23.678995	-46.6400376
-23.4963539	-46.5683404
-23.6994133	-46.6401396
-23.5532051	-46.51506380000001
-23.613295899999997	-46.6945165
-23.5907988	-46.489472
-23.557891199999997	-46.412954299999996
-23.563712	-46.7438228
-23.492989399999995	-46.6715275
38053	3469	44.752
38053	3889	5.255
38053	3865	28.011
38053	3891	5.181
38053	3866	18.409
38053	3961	37.712
38053	3890	42.023
38053	3887	35.178
38053	3868	4.25
38053	3999	28.357
38053	4709	3.704
38053	5309	30.237
38053	6971	35.865
38053	7015	30.88
38053	6948	31.604
38053	8694	30.242
38053	9368	22.061
38053	9274	23.426
38053	9876	26.181
38053	11000	7.404
38053	11619	23.239
38053	12229	24.512
38053	12730	28.515
38053	13179	25.928
38053	13113	26.512
38053	13252	3.196
38053	13344	26.519
38053	13260	10.199
38053	13862	30.046
38053	15149	36.285
38053	15095	29.045
38053	15597	27.052
38053	16159	11.067
38053	16742	23.615
38053	16741	41.834
38053	17805	24.481
38053	18346	21.153
38053	18562	8.372
38053	28042	32.645
38053	28123	32.037
38053	28085	29.59
38053	28130	28.499
38053	28067	40.401
38053	28110	26.96
38053	28131	29.962
38053	28088	48.193
38053	28060	26.376
38053	28109	34.634
38053	28070	40.692
38053	28132	33.466
38053	28082	33.303
38053	28089	13.38
38053	28050	34.283
38053	28071	40.353
38053	28064	4.821
38053	28101	22.88
38053	28127	29.031
38053	28102	33.271
38053	28073	27.173
38053	28129	29.09
38053	28046	23.277
38053	28066	8.924
38053	28112	9.662
38053	28069	16.55
38053	28116	23.479
38053	28049	13.713
38053	28041	32.133
38053	28094	14.928
38053	28099	30.844
38053	28048	23.115
38053	28117	11.636
38053	28103	45.482
38053	28058	36.023
38053	28061	52.708
38053	28072	4.6
38053	28111	28.618
38053	28142	23.863
38053	28107	31.308
38053	28044	36.074
38053	28124	28.074
38053	28047	27.746
38053	28143	31.337
38053	28043	30.514
38053	28051	41.345
38053	28040	34.895
38053	28086	21.119
38053	28065	3.411
38053	28566	20.561
38053	28571	39.686
38053	28477	7.903
38053	28476	42.769
38053	28579	24.349
38053	29702	41.416
38053	29777	20.141
38053	32097	30.062
38053	32093	16.861
38053	32096	40.95
38053	32094	5.169
38053	32095	35.433
38053	32091	37.238
38053	32090	2.895
38053	32098	2.129
38053	32498	4.026
38053	32494	18.746
38053	32873	33.077
38053	32872	32.199
38053	32818	30.525
38053	35788	33.754
38053	35729	46.2
38053	35754	22.33
38053	35722	37.379
38053	35870	35.979
38053	36143	11.893
38053	38295	35.155
38053	38389	42.234
38053	38252	31.171
38053	38064	42.512
38053	38062	24.568
38053	38049	41.829
38053	38063	10.498
38053	38058	10.769
38053	38061	48.836
38053	38249	33.072
38053	38052	29.379
38053	38236	16.221
38053	38060	41.885
38053	38067	8.209
38053	38287	40.571
38053	38111	31.723
38053	38297	30.866
38053	38250	32.907
38053	38065	7.207
38053	38051	-1
38053	38050	36.236
38053	38069	18.045
38053	38059	34.137
38053	38245	12.932
38053	38395	25.665
38053	38066	4.822
38053	38386	52.057
38053	38604	41.629
38053	38483	26.857
38053	38642	17.74
38053	38552	37.901
38053	38513	16.668
38053	38643	36.798
38053	38573	27.714
38053	38646	14.684
38053	38459	20.719
38053	38603	25.253
38053	38486	34.199
38053	38554	23.226
38053	38644	4.917
38053	38602	36.632
38053	38453	38.107
38053	38484	29.686
38053	42788	9.927
38053	42786	24.723
38053	42783	6.723
38053	42780	14.225
38053	42790	21.611
38053	42778	32.377
38053	42784	39.005
38053	42787	21.166
38053	42781	26.052
38053	42779	15.283
38053	42785	26.435
38053	42789	22.142
38053	42782	23.062
38053	43146	11.417
38053	43087	10.209
38053	43120	25.58
38053	43046	32.211
38053	43011	3.404
38053	43007	36.678
38053	43102	28.075
38053	43153	33.827
38053	43021	23.262
38053	43031	42.927
38053	43125	32.567
38053	43145	12.212
38053	43113	9.61
38053	43135	7.484
38053	43154	44.694
38053	43137	23.001
38053	43008	25.998
38053	43059	12.635
38053	43022	46.98
38053	43064	28.112
38053	43060	25.293
38053	43126	41.043
38053	43117	30.508
38053	43123	40.312
38053	43134	15.993
38053	43050	36.207
38053	43127	18.374
38053	43133	7.291
38053	43094	29.566
38053	42853	26.301
38053	43111	30.781
38053	43131	24.719
38053	43115	7.803
38053	43121	40.334
38053	43068	34.326
38053	43152	56.823
38053	43029	48.051
38053	43142	1.796
38053	43083	29.608
38053	43088	12.6
38053	43028	42.204
38053	43020	33.36
38053	43104	41.692
38053	43122	43.058
38053	43078	31.699
38053	43036	38.848
38053	43114	9.447
38053	43116	37.04
38053	43092	17.336
38053	43034	12.981
38053	43095	30.374
38053	43009	2.964
38053	43084	31.333
38053	43042	34.249
38053	43147	30.181
38053	43067	27.22
38053	43148	3.91
38053	43030	44.253
38053	43129	22.236
38053	43027	20.563
38053	43076	32.184
38053	43019	36.319
38053	43057	33.112
38053	43124	17.004
38053	43110	35.028
38053	43072	40.191
38053	43063	41.342
38053	42924	48.593
38053	43109	43.402
38053	43081	27.39
38053	43054	34.659
38053	42925	32.929
38053	43075	17.402
38053	43090	36.338
38053	43099	39.222
38053	43139	34.98
38053	43035	26.216
38053	43044	45.044
38053	43096	41.3
38053	43149	7.351
38053	43089	30.144
38053	43100	27.903
38053	43012	33.197
38053	43150	5.178
38053	43023	42.484
38053	43079	247.629
38053	43077	40.37
38053	43070	6.265
38053	43056	27.753
38053	43066	39.674
38053	43098	23.489
38053	43005	2.434
38053	43062	40.981
38053	43024	46.145
38053	42926	15.703
38053	43103	23.264
38053	43085	27.068
38053	43091	27.729
38053	43038	41.656
38053	43118	21.736
38053	43047	5.302
38053	43033	28.786
38053	43071	49.971
38053	43112	36.257
38053	43013	35.407
38053	43017	37.373
38053	43141	24.747
38053	43051	4.192
38053	43065	51.548
38053	43032	43.578
38053	43052	17.958
38053	43132	26.159
38053	43136	10.697
38053	43086	36.141
38053	43037	40.589
38053	43015	8.291
38053	43058	37.961
38053	43018	26.27
38053	43101	15.608
38053	43045	44.433
38053	43080	27.729
38053	42927	26.133
38053	43016	29.763
38053	43138	19.491
38053	43108	36.171
38053	43106	6.598
38053	42923	39.988
38053	43069	14.005
38053	43040	41.066
38053	43061	40.317
38053	43119	34.953
38053	43025	6.264
38053	43043	31.868
38053	43107	34.683
38053	43073	42.468
38053	42854	43.891
38053	43055	35.128
38053	43082	5.001
38053	43151	4.792
38053	43156	48.035
38053	43143	3.766
38053	43130	24.424
38053	43097	32.308
38053	43144	4.959
38053	43048	37.946
38053	43041	10.07
38053	43155	30.622
38053	43039	45.203
38053	43026	9.485
38053	43093	37.528
38053	43006	28.814
38053	43049	33.454
38053	43053	23.625
38053	43010	49.524
38053	43105	20.763
38053	43074	39.793
38053	43014	20.178
38053	43128	23.178
38053	43140	27.564
38053	43378	43.911
38053	43319	41.75
38053	43530	33.465
38053	43282	34.137
38053	43298	33.631
38053	43275	33.148
38053	43491	39.102
38053	43309	36.903
38053	43314	47.827
38053	43555	20.683
38053	43560	42.682
38053	43274	32.234
38053	43997	38.866
38053	43893	11.32
38053	43713	32.075
38053	43763	26.584
38053	43631	38.08
38053	43847	11.584
38053	43833	34.414
38053	43630	36.681
38053	44254	27.048
38053	44398	41.537
38053	44059	33.751
38053	44397	36.895
38053	44072	10.352
38053	44253	31.364
38053	44092	41.851
38053	44395	34.314
38053	44394	29
38053	44018	26.145
38053	44019	22.008
38053	44027	47.834
38053	44071	14.076
38053	44396	34.076
38053	44028	29.334
38053	44041	46.601
38053	44285	46.003
38053	44399	40.771
38053	44073	45.263
38053	44074	35.528
38053	44417	32.942
38053	44405	24.405
38053	44411	37.096
38053	44415	29.353
38053	44419	39.371
38053	44408	37.868
38053	44414	37.941
38053	44410	32.368
38053	44407	43.982
38053	44409	45.785
38053	44558	31.171
38053	44404	11.369
38053	44406	27.053
38053	44413	34.01
38053	44418	38.929
38053	44403	3.554
38053	44420	49.873
38053	44421	29.638
38053	44416	48.832
38053	44412	26.823
38053	44402	46.642
38053	44522	30
38053	45028	34.324
38053	44973	30.096
38053	44972	35.662
38053	45071	40.598
38053	44846	28.26
38053	45436	41.416
38053	45258	57.928
38053	45217	13.955
38053	45310	14.595
38053	45441	47.547
38053	45515	65.151
38053	45287	33.413
38053	45517	54.414
38053	45365	21.726
38053	45518	48.84
38053	45339	31.254
38053	45556	35.188
38053	45443	35.889
38053	45309	52.416
38053	45520	66.707
38053	45512	30.319
38053	45522	53.807
38053	45232	33.012
38053	45366	35.787
38053	45516	58.674
38053	45575	33.572
38053	45519	55.652
38053	45257	60.544
38053	45521	61.341
38053	45823	25.892
38053	45602	38.446
38053	45783	25.937
38053	46119	45.582
38053	46188	33.71
38053	46354	43.916
38053	46194	6.636
38053	46512	17.055
38053	46500	36.829
38053	46567	12.294
38053	47567	2.477
38053	47514	28.728
38053	47515	20.317
38053	47565	23.207
38053	47569	21.436
38053	47570	14.158
38053	47566	33.803
38053	47568	19.843
38053	47919	31.308
38053	47916	36.043
38053	47880	5.931
38053	47921	4.732
38053	47920	24.481
38053	47918	24.512
38053	47674	22.6
38053	47964	37.252
38053	47850	20.697
38053	47923	11.904
38053	47925	22.464
38053	47915	28.075
38053	47647	40.552
38053	47678	34.567
38053	47914	30.634
38053	47980	34.657
38053	47913	35.915
38053	47657	30.837
38053	47803	19.19
38053	47673	25.643
38053	47922	5.181
38053	47924	11.369
38053	47865	8.879
38053	47917	48.206
38053	48063	33.077
38053	48137	41.651
38053	48186	4.077
38053	48660	29.84
38053	48541	10.955
38053	48633	33.517
38053	49473	20.104
38053	49313	40.807
38053	49059	24.488
38053	49153	24.634
38053	50966	29.098
38053	50604	45.475
38053	50448	16.991
38053	1633	2.285
